#     BLOCK:          ACTUAL_PE:              PE_AVE:              ERROR:
           1        -5.023519e+00        -5.023519e+00         0.000000e+00
           2        -5.016078e+00        -5.019798e+00         2.630964e-03
           3        -5.047688e+00        -5.029095e+00         7.790601e-03
           4        -5.018852e+00        -5.026534e+00         6.249649e-03
           5        -5.021551e+00        -5.025537e+00         5.078567e-03
           6        -5.035817e+00        -5.027251e+00         4.511860e-03
           7        -5.009727e+00        -5.024747e+00         4.508599e-03
           8        -4.976152e+00        -5.018673e+00         6.917326e-03
           9        -5.020032e+00        -5.018824e+00         6.150383e-03
          10        -5.003118e+00        -5.017253e+00         5.732374e-03
          11        -5.039691e+00        -5.019293e+00         5.562334e-03
          12        -5.026729e+00        -5.019913e+00         5.133208e-03
          13        -5.009831e+00        -5.019137e+00         4.796577e-03
          14        -5.033018e+00        -5.020129e+00         4.555282e-03
          15        -5.022974e+00        -5.020318e+00         4.255544e-03
          16        -5.025331e+00        -5.020632e+00         4.001087e-03
          17        -5.000628e+00        -5.019455e+00         3.934947e-03
          18        -5.014323e+00        -5.019170e+00         3.726655e-03
          19        -5.064946e+00        -5.021579e+00         4.238361e-03
          20        -5.048897e+00        -5.022945e+00         4.240828e-03
          21        -4.991259e+00        -5.021436e+00         4.298935e-03
          22        -5.028839e+00        -5.021773e+00         4.116676e-03
          23        -5.009854e+00        -5.021255e+00         3.970171e-03
          24        -5.040059e+00        -5.022038e+00         3.881295e-03
          25        -5.034178e+00        -5.022524e+00         3.756298e-03
          26        -5.046661e+00        -5.023452e+00         3.724784e-03
          27        -5.014664e+00        -5.023127e+00         3.601020e-03
          28        -5.023551e+00        -5.023142e+00         3.472444e-03
          29        -5.008586e+00        -5.022640e+00         3.388788e-03
          30        -5.025386e+00        -5.022731e+00         3.277064e-03
          31        -5.025787e+00        -5.022830e+00         3.172835e-03
          32        -5.045618e+00        -5.023542e+00         3.152587e-03
          33        -5.027061e+00        -5.023649e+00         3.058857e-03
          34        -5.042552e+00        -5.024205e+00         3.018997e-03
          35        -5.011681e+00        -5.023847e+00         2.953869e-03
          36        -5.026437e+00        -5.023919e+00         2.872693e-03
          37        -5.047247e+00        -5.024549e+00         2.863407e-03
          38        -5.046894e+00        -5.025137e+00         2.847791e-03
          39        -5.045919e+00        -5.025670e+00         2.824186e-03
          40        -5.008435e+00        -5.025239e+00         2.786257e-03
          41        -5.030490e+00        -5.025367e+00         2.721242e-03
          42        -5.028289e+00        -5.025437e+00         2.657339e-03
          43        -5.019630e+00        -5.025302e+00         2.598970e-03
          44        -5.005888e+00        -5.024861e+00         2.577085e-03
          45        -5.028416e+00        -5.024940e+00         2.521027e-03
          46        -5.029760e+00        -5.025044e+00         2.468399e-03
          47        -5.045275e+00        -5.025475e+00         2.453122e-03
          48        -4.993993e+00        -5.024819e+00         2.488148e-03
          49        -5.045667e+00        -5.025244e+00         2.473479e-03
          50        -5.014350e+00        -5.025027e+00         2.433587e-03
          51        -5.013386e+00        -5.024798e+00         2.396549e-03
          52        -5.014818e+00        -5.024606e+00         2.358133e-03
          53        -5.035495e+00        -5.024812e+00         2.322573e-03
          54        -5.018322e+00        -5.024692e+00         2.282670e-03
          55        -5.030787e+00        -5.024802e+00         2.243856e-03
          56        -5.035414e+00        -5.024992e+00         2.211774e-03
          57        -5.050335e+00        -5.025437e+00         2.217209e-03
          58        -5.040739e+00        -5.025700e+00         2.194622e-03
          59        -5.046839e+00        -5.026059e+00         2.186475e-03
          60        -5.039138e+00        -5.026277e+00         2.160873e-03
          61        -5.056469e+00        -5.026772e+00         2.181398e-03
          62        -5.026214e+00        -5.026763e+00         2.146233e-03
          63        -5.044887e+00        -5.027050e+00         2.131360e-03
          64        -5.007865e+00        -5.026751e+00         2.119034e-03
          65        -5.022636e+00        -5.026687e+00         2.087379e-03
          66        -5.019569e+00        -5.026579e+00         2.058536e-03
          67        -5.027357e+00        -5.026591e+00         2.027844e-03
          68        -5.000435e+00        -5.026206e+00         2.034177e-03
          69        -5.008447e+00        -5.025949e+00         2.020913e-03
          70        -5.035952e+00        -5.026092e+00         1.997089e-03
          71        -5.020276e+00        -5.026010e+00         1.970640e-03
          72        -5.017105e+00        -5.025886e+00         1.947148e-03
          73        -5.020706e+00        -5.025815e+00         1.921767e-03
          74        -5.019021e+00        -5.025723e+00         1.897989e-03
          75        -5.032179e+00        -5.025810e+00         1.874633e-03
          76        -5.008325e+00        -5.025579e+00         1.864031e-03
          77        -5.001304e+00        -5.025264e+00         1.866293e-03
          78        -5.016014e+00        -5.025146e+00         1.846131e-03
          79        -5.049976e+00        -5.025460e+00         1.849325e-03
          80        -5.008167e+00        -5.025244e+00         1.838798e-03
          81        -5.040099e+00        -5.025427e+00         1.825220e-03
          82        -5.036843e+00        -5.025566e+00         1.808262e-03
          83        -5.017224e+00        -5.025466e+00         1.789267e-03
          84        -5.031887e+00        -5.025542e+00         1.769599e-03
          85        -5.018377e+00        -5.025458e+00         1.750787e-03
          86        -5.015623e+00        -5.025344e+00         1.734160e-03
          87        -5.034986e+00        -5.025454e+00         1.717765e-03
          88        -4.997130e+00        -5.025133e+00         1.728137e-03
          89        -5.028306e+00        -5.025168e+00         1.709088e-03
          90        -5.054785e+00        -5.025497e+00         1.721486e-03
          91        -5.001808e+00        -5.025237e+00         1.722140e-03
          92        -5.023697e+00        -5.025220e+00         1.703502e-03
          93        -5.012493e+00        -5.025083e+00         1.690673e-03
          94        -5.004171e+00        -5.024861e+00         1.687260e-03
          95        -5.013429e+00        -5.024741e+00         1.673785e-03
          96        -5.013919e+00        -5.024628e+00         1.660141e-03
          97        -5.002478e+00        -5.024400e+00         1.658657e-03
          98        -5.028301e+00        -5.024439e+00         1.642210e-03
          99        -5.038782e+00        -5.024584e+00         1.632000e-03
         100        -5.009518e+00        -5.024434e+00         1.622619e-03
