0.506394	1
0.505419	2
0.506531	3
0.50366	4
0.502191	5
0.500854	6
0.503536	7
0.504052	8
0.503583	9
0.501214	10
0.499985	11
0.50016	12
0.500513	13
0.500319	14
0.500069	15
0.502089	16
0.501955	17
0.50203	18
0.50241	19
0.502239	20
0.502193	21
0.502628	22
0.501909	23
0.501397	24
0.501469	25
0.500565	26
0.500407	27
0.500215	28
0.500182	29
0.500143	30
0.499822	31
0.499685	32
0.499734	33
0.499716	34
0.500207	35
0.500321	36
0.500405	37
0.500574	38
0.500453	39
0.500522	40
0.500891	41
0.501175	42
0.501354	43
0.501247	44
0.501008	45
0.501151	46
0.501207	47
0.501334	48
0.501198	49
0.501583	50
0.501586	51
0.501462	52
0.501321	53
0.501434	54
0.501337	55
0.501292	56
0.501591	57
0.501867	58
0.501889	59
0.501892	60
0.502039	61
0.50228	62
0.502342	63
0.502278	64
0.502368	65
0.502462	66
0.502576	67
0.502263	68
0.502119	69
0.502078	70
0.502065	71
0.501637	72
0.501591	73
0.501591	74
0.501622	75
0.501501	76
0.501553	77
0.501685	78
0.501712	79
0.501896	80
0.501825	81
0.50158	82
0.501557	83
0.501375	84
0.501241	85
0.501197	86
0.501336	87
0.501387	88
0.501342	89
0.501367	90
0.501434	91
0.501335	92
0.501397	93
0.501369	94
0.501288	95
0.501285	96
0.501435	97
0.501277	98
0.50149	99
0.501438	100
