    # BLOCK:          ACTUAL_PE:              PE_AVE:              ERROR:
           1        -7.551254e+00        -7.551254e+00         0.000000e+00
           2        -7.537160e+00        -7.544207e+00         4.982985e-03
           3        -7.553361e+00        -7.547258e+00         4.152465e-03
           4        -7.553922e+00        -7.548924e+00         3.432332e-03
           5        -7.525111e+00        -7.544162e+00         5.068152e-03
           6        -7.550459e+00        -7.545211e+00         4.330785e-03
           7        -7.550899e+00        -7.546024e+00         3.787545e-03
           8        -7.543883e+00        -7.545756e+00         3.323537e-03
           9        -7.551249e+00        -7.546366e+00         3.009769e-03
          10        -7.547240e+00        -7.546454e+00         2.710059e-03
          11        -7.549121e+00        -7.546696e+00         2.474514e-03
          12        -7.546964e+00        -7.546719e+00         2.268406e-03
          13        -7.539592e+00        -7.546170e+00         2.159135e-03
          14        -7.565371e+00        -7.547542e+00         2.401313e-03
          15        -7.541053e+00        -7.547109e+00         2.279854e-03
          16        -7.536184e+00        -7.546427e+00         2.237281e-03
          17        -7.546866e+00        -7.546452e+00         2.105826e-03
          18        -7.541501e+00        -7.546177e+00         2.006724e-03
          19        -7.552995e+00        -7.546536e+00         1.932923e-03
          20        -7.547918e+00        -7.546605e+00         1.837512e-03
          21        -7.549134e+00        -7.546726e+00         1.753953e-03
          22        -7.540509e+00        -7.546443e+00         1.696836e-03
          23        -7.543771e+00        -7.546327e+00         1.627032e-03
          24        -7.555342e+00        -7.546703e+00         1.602016e-03
          25        -7.556917e+00        -7.547111e+00         1.589185e-03
          26        -7.555523e+00        -7.547435e+00         1.560652e-03
          27        -7.555122e+00        -7.547719e+00         1.528597e-03
          28        -7.552670e+00        -7.547896e+00         1.484193e-03
          29        -7.543944e+00        -7.547760e+00         1.439257e-03
          30        -7.538991e+00        -7.547468e+00         1.420651e-03
          31        -7.555061e+00        -7.547713e+00         1.395781e-03
          32        -7.531581e+00        -7.547208e+00         1.440319e-03
          33        -7.545713e+00        -7.547163e+00         1.397386e-03
          34        -7.563046e+00        -7.547630e+00         1.432240e-03
          35        -7.547424e+00        -7.547624e+00         1.391331e-03
          36        -7.548829e+00        -7.547658e+00         1.353085e-03
          37        -7.553627e+00        -7.547819e+00         1.326097e-03
          38        -7.535222e+00        -7.547488e+00         1.331989e-03
          39        -7.547586e+00        -7.547490e+00         1.297838e-03
          40        -7.546397e+00        -7.547463e+00         1.265679e-03
          41        -7.564046e+00        -7.547867e+00         1.297825e-03
          42        -7.529059e+00        -7.547420e+00         1.341959e-03
          43        -7.537154e+00        -7.547181e+00         1.331816e-03
          44        -7.539939e+00        -7.547016e+00         1.311677e-03
          45        -7.545389e+00        -7.546980e+00         1.283027e-03
          46        -7.540672e+00        -7.546843e+00         1.262443e-03
          47        -7.546947e+00        -7.546845e+00         1.235584e-03
          48        -7.541795e+00        -7.546740e+00         1.214314e-03
          49        -7.549284e+00        -7.546792e+00         1.190642e-03
          50        -7.538993e+00        -7.546636e+00         1.177000e-03
          51        -7.551874e+00        -7.546739e+00         1.158395e-03
          52        -7.539800e+00        -7.546605e+00         1.143778e-03
          53        -7.546529e+00        -7.546604e+00         1.122198e-03
          54        -7.552154e+00        -7.546707e+00         1.106113e-03
          55        -7.550320e+00        -7.546772e+00         1.087952e-03
          56        -7.548824e+00        -7.546809e+00         1.069141e-03
          57        -7.531330e+00        -7.546537e+00         1.084324e-03
          58        -7.550805e+00        -7.546611e+00         1.068122e-03
          59        -7.540114e+00        -7.546501e+00         1.055680e-03
          60        -7.546047e+00        -7.546493e+00         1.038112e-03
          61        -7.550638e+00        -7.546561e+00         1.023315e-03
          62        -7.542795e+00        -7.546500e+00         1.008611e-03
          63        -7.552305e+00        -7.546593e+00         9.968013e-04
          64        -7.553987e+00        -7.546708e+00         9.878993e-04
          65        -7.547736e+00        -7.546724e+00         9.728275e-04
          66        -7.552950e+00        -7.546818e+00         9.626504e-04
          67        -7.546729e+00        -7.546817e+00         9.482834e-04
          68        -7.550397e+00        -7.546870e+00         9.357984e-04
          69        -7.552768e+00        -7.546955e+00         9.261318e-04
          70        -7.555918e+00        -7.547083e+00         9.217100e-04
          71        -7.547948e+00        -7.547095e+00         9.088087e-04
          72        -7.541354e+00        -7.547015e+00         8.996776e-04
          73        -7.536772e+00        -7.546875e+00         8.982305e-04
          74        -7.552170e+00        -7.546947e+00         8.889375e-04
          75        -7.548958e+00        -7.546974e+00         8.774893e-04
          76        -7.525994e+00        -7.546697e+00         9.083276e-04
          77        -7.553508e+00        -7.546786e+00         9.008268e-04
          78        -7.552820e+00        -7.546863e+00         8.925932e-04
          79        -7.562065e+00        -7.547056e+00         9.017976e-04
          80        -7.547550e+00        -7.547062e+00         8.905462e-04
          81        -7.551627e+00        -7.547118e+00         8.813331e-04
          82        -7.549475e+00        -7.547147e+00         8.710538e-04
          83        -7.547661e+00        -7.547153e+00         8.605812e-04
          84        -7.541093e+00        -7.547081e+00         8.533548e-04
          85        -7.538484e+00        -7.546980e+00         8.492874e-04
          86        -7.551972e+00        -7.547038e+00         8.413933e-04
          87        -7.545207e+00        -7.547017e+00         8.319852e-04
          88        -7.547688e+00        -7.547025e+00         8.225657e-04
          89        -7.545155e+00        -7.547004e+00         8.135916e-04
          90        -7.553986e+00        -7.547081e+00         8.082426e-04
          91        -7.530150e+00        -7.546895e+00         8.204972e-04
          92        -7.563033e+00        -7.547070e+00         8.301172e-04
          93        -7.547776e+00        -7.547078e+00         8.212259e-04
          94        -7.547837e+00        -7.547086e+00         8.125291e-04
          95        -7.553708e+00        -7.547156e+00         8.069609e-04
          96        -7.556069e+00        -7.547249e+00         8.038780e-04
          97        -7.556479e+00        -7.547344e+00         8.012026e-04
          98        -7.541149e+00        -7.547281e+00         7.955165e-04
          99        -7.550799e+00        -7.547316e+00         7.882745e-04
         100        -7.545480e+00        -7.547298e+00         7.806055e-04
         101        -7.546124e+00        -7.547286e+00         7.729632e-04
         102        -7.541218e+00        -7.547227e+00         7.676714e-04
         103        -7.560535e+00        -7.547356e+00         7.710150e-04
         104        -7.552613e+00        -7.547406e+00         7.652565e-04
         105        -7.536209e+00        -7.547300e+00         7.653632e-04
         106        -7.556765e+00        -7.547389e+00         7.633336e-04
         107        -7.550225e+00        -7.547416e+00         7.566597e-04
         108        -7.546282e+00        -7.547405e+00         7.497263e-04
         109        -7.552899e+00        -7.547456e+00         7.445406e-04
         110        -7.541889e+00        -7.547405e+00         7.394897e-04
         111        -7.543300e+00        -7.547368e+00         7.337520e-04
         112        -7.568694e+00        -7.547558e+00         7.515013e-04
         113        -7.547567e+00        -7.547558e+00         7.448508e-04
         114        -7.545194e+00        -7.547538e+00         7.386057e-04
         115        -7.535984e+00        -7.547437e+00         7.389846e-04
         116        -7.556605e+00        -7.547516e+00         7.368284e-04
         117        -7.549772e+00        -7.547536e+00         7.307830e-04
         118        -7.563647e+00        -7.547672e+00         7.372344e-04
         119        -7.552150e+00        -7.547710e+00         7.319990e-04
         120        -7.546685e+00        -7.547701e+00         7.259488e-04
         121        -7.543792e+00        -7.547669e+00         7.206679e-04
         122        -7.547569e+00        -7.547668e+00         7.147613e-04
         123        -7.553779e+00        -7.547718e+00         7.106748e-04
         124        -7.547942e+00        -7.547720e+00         7.049458e-04
         125        -7.553363e+00        -7.547765e+00         7.007503e-04
         126        -7.542281e+00        -7.547721e+00         6.965390e-04
         127        -7.552674e+00        -7.547760e+00         6.921453e-04
         128        -7.549513e+00        -7.547774e+00         6.868734e-04
         129        -7.541698e+00        -7.547727e+00         6.831618e-04
         130        -7.544462e+00        -7.547702e+00         6.783681e-04
         131        -7.556432e+00        -7.547768e+00         6.764556e-04
         132        -7.549175e+00        -7.547779e+00         6.714149e-04
         133        -7.550511e+00        -7.547799e+00         6.666809e-04
         134        -7.540866e+00        -7.547748e+00         6.637106e-04
         135        -7.534601e+00        -7.547650e+00         6.659005e-04
         136        -7.548434e+00        -7.547656e+00         6.610291e-04
         137        -7.556275e+00        -7.547719e+00         6.591909e-04
         138        -7.541477e+00        -7.547674e+00         6.559644e-04
         139        -7.554899e+00        -7.547726e+00         6.533014e-04
         140        -7.540558e+00        -7.547675e+00         6.506380e-04
         141        -7.554631e+00        -7.547724e+00         6.478913e-04
         142        -7.536863e+00        -7.547647e+00         6.478273e-04
         143        -7.532761e+00        -7.547543e+00         6.516073e-04
         144        -7.537112e+00        -7.547471e+00         6.510963e-04
         145        -7.544211e+00        -7.547448e+00         6.469940e-04
         146        -7.542259e+00        -7.547413e+00         6.435382e-04
         147        -7.546577e+00        -7.547407e+00         6.391856e-04
         148        -7.524284e+00        -7.547251e+00         6.536820e-04
         149        -7.555045e+00        -7.547303e+00         6.513843e-04
         150        -7.545820e+00        -7.547293e+00         6.471168e-04
         151        -7.539808e+00        -7.547244e+00         6.447274e-04
         152        -7.521157e+00        -7.547072e+00         6.629345e-04
         153        -7.541631e+00        -7.547037e+00         6.595548e-04
         154        -7.550563e+00        -7.547059e+00         6.556693e-04
         155        -7.549852e+00        -7.547077e+00         6.516867e-04
         156        -7.553785e+00        -7.547120e+00         6.489260e-04
         157        -7.550789e+00        -7.547144e+00         6.452133e-04
         158        -7.544596e+00        -7.547128e+00         6.413312e-04
         159        -7.552071e+00        -7.547159e+00         6.380508e-04
         160        -7.541756e+00        -7.547125e+00         6.349559e-04
         161        -7.574996e+00        -7.547298e+00         6.541855e-04
         162        -7.534564e+00        -7.547220e+00         6.548528e-04
         163        -7.549765e+00        -7.547235e+00         6.510216e-04
         164        -7.552570e+00        -7.547268e+00         6.478642e-04
         165        -7.560467e+00        -7.547348e+00         6.488581e-04
         166        -7.543187e+00        -7.547323e+00         6.454332e-04
         167        -7.545184e+00        -7.547310e+00         6.416954e-04
         168        -7.534111e+00        -7.547231e+00         6.426675e-04
         169        -7.548149e+00        -7.547237e+00         6.388877e-04
         170        -7.537379e+00        -7.547179e+00         6.377555e-04
         171        -7.544603e+00        -7.547164e+00         6.342038e-04
         172        -7.553990e+00        -7.547203e+00         6.317573e-04
         173        -7.544152e+00        -7.547186e+00         6.283516e-04
         174        -7.540776e+00        -7.547149e+00         6.258193e-04
         175        -7.529182e+00        -7.547046e+00         6.306084e-04
         176        -7.551314e+00        -7.547070e+00         6.274916e-04
         177        -7.565936e+00        -7.547177e+00         6.329339e-04
         178        -7.551252e+00        -7.547200e+00         6.297918e-04
         179        -7.537407e+00        -7.547145e+00         6.286453e-04
         180        -7.537962e+00        -7.547094e+00         6.272196e-04
         181        -7.559069e+00        -7.547160e+00         6.272339e-04
         182        -7.544541e+00        -7.547146e+00         6.239527e-04
         183        -7.540793e+00        -7.547111e+00         6.215080e-04
         184        -7.551487e+00        -7.547135e+00         6.185851e-04
         185        -7.555900e+00        -7.547182e+00         6.170531e-04
         186        -7.539386e+00        -7.547140e+00         6.151577e-04
         187        -7.549702e+00        -7.547154e+00         6.120207e-04
         188        -7.553090e+00        -7.547186e+00         6.095790e-04
         189        -7.539958e+00        -7.547148e+00         6.075521e-04
         190        -7.539216e+00        -7.547106e+00         6.057870e-04
         191        -7.535595e+00        -7.547046e+00         6.056058e-04
         192        -7.538397e+00        -7.547000e+00         6.041247e-04
         193        -7.537461e+00        -7.546951e+00         6.030133e-04
         194        -7.537545e+00        -7.546903e+00         6.018511e-04
         195        -7.537827e+00        -7.546856e+00         6.005614e-04
         196        -7.544278e+00        -7.546843e+00         5.976414e-04
         197        -7.549262e+00        -7.546855e+00         5.947338e-04
         198        -7.541651e+00        -7.546829e+00         5.923105e-04
         199        -7.567595e+00        -7.546933e+00         5.984562e-04
         200        -7.540382e+00        -7.546900e+00         5.963597e-04
