    # BLOCK:          ACTUAL_P:          P_AVE:              ERROR:
           1         7.561995e+00         7.561995e+00         0.000000e+00
           2         7.648070e+00         7.605033e+00         3.043233e-02
           3         7.553949e+00         7.588005e+00         2.459495e-02
           4         7.554640e+00         7.579664e+00         1.981020e-02
           5         7.706140e+00         7.604959e+00         2.762321e-02
           6         7.572673e+00         7.599578e+00         2.353762e-02
           7         7.571490e+00         7.595565e+00         2.051427e-02
           8         7.607575e+00         7.597066e+00         1.800483e-02
           9         7.572366e+00         7.594322e+00         1.621211e-02
          10         7.588005e+00         7.593690e+00         1.460320e-02
          11         7.577418e+00         7.592211e+00         1.335035e-02
          12         7.591516e+00         7.592153e+00         1.223795e-02
          13         7.632833e+00         7.595282e+00         1.168979e-02
          14         7.490139e+00         7.587772e+00         1.304615e-02
          15         7.620752e+00         7.589971e+00         1.236028e-02
          16         7.653358e+00         7.593932e+00         1.220617e-02
          17         7.592988e+00         7.593877e+00         1.148828e-02
          18         7.620652e+00         7.595364e+00         1.094593e-02
          19         7.557439e+00         7.593368e+00         1.055025e-02
          20         7.586405e+00         7.593020e+00         1.002848e-02
          21         7.582511e+00         7.592520e+00         9.563415e-03
          22         7.629758e+00         7.594212e+00         9.277298e-03
          23         7.604738e+00         7.594670e+00         8.885218e-03
          24         7.544175e+00         7.592566e+00         8.760557e-03
          25         7.536653e+00         7.590330e+00         8.690931e-03
          26         7.544757e+00         7.588577e+00         8.531583e-03
          27         7.544616e+00         7.586949e+00         8.369519e-03
          28         7.560735e+00         7.586012e+00         8.122798e-03
          29         7.608438e+00         7.586786e+00         7.879426e-03
          30         7.634378e+00         7.588372e+00         7.774839e-03
          31         7.544535e+00         7.586958e+00         7.651557e-03
          32         7.676054e+00         7.589742e+00         7.902795e-03
          33         7.599960e+00         7.590052e+00         7.669380e-03
          34         7.502860e+00         7.587487e+00         7.860876e-03
          35         7.590954e+00         7.587586e+00         7.636903e-03
          36         7.582776e+00         7.587453e+00         7.425936e-03
          37         7.553737e+00         7.586542e+00         7.280931e-03
          38         7.655367e+00         7.588353e+00         7.311133e-03
          39         7.591024e+00         7.588421e+00         7.123989e-03
          40         7.595381e+00         7.588595e+00         6.948013e-03
          41         7.494676e+00         7.586305e+00         7.146199e-03
          42         7.685734e+00         7.588672e+00         7.357738e-03
          43         7.641557e+00         7.589902e+00         7.288693e-03
          44         7.631511e+00         7.590848e+00         7.184127e-03
          45         7.597904e+00         7.591004e+00         7.026191e-03
          46         7.627949e+00         7.591807e+00         6.919198e-03
          47         7.589647e+00         7.591761e+00         6.772134e-03
          48         7.616943e+00         7.592286e+00         6.651337e-03
          49         7.579349e+00         7.592022e+00         6.520833e-03
          50         7.634270e+00         7.592867e+00         6.444929e-03
          51         7.566557e+00         7.592351e+00         6.339172e-03
          52         7.633677e+00         7.593146e+00         6.266882e-03
          53         7.591050e+00         7.593106e+00         6.148764e-03
          54         7.566000e+00         7.592604e+00         6.055353e-03
          55         7.573759e+00         7.592262e+00         5.954942e-03
          56         7.577082e+00         7.591991e+00         5.854770e-03
          57         7.675455e+00         7.593455e+00         5.932338e-03
          58         7.570654e+00         7.593062e+00         5.843067e-03
          59         7.628893e+00         7.593669e+00         5.775507e-03
          60         7.594973e+00         7.593691e+00         5.679290e-03
          61         7.574351e+00         7.593374e+00         5.595029e-03
          62         7.618014e+00         7.593771e+00         5.518884e-03
          63         7.563303e+00         7.593288e+00         5.452432e-03
          64         7.548254e+00         7.592584e+00         5.412451e-03
          65         7.591705e+00         7.592570e+00         5.329199e-03
          66         7.558818e+00         7.592059e+00         5.272935e-03
          67         7.592597e+00         7.592067e+00         5.194240e-03
          68         7.568921e+00         7.591727e+00         5.128995e-03
          69         7.560403e+00         7.591273e+00         5.074713e-03
          70         7.545443e+00         7.590618e+00         5.044273e-03
          71         7.585522e+00         7.590546e+00         4.973738e-03
          72         7.623401e+00         7.591003e+00         4.925545e-03
          73         7.648854e+00         7.591795e+00         4.921411e-03
          74         7.567388e+00         7.591465e+00         4.865945e-03
          75         7.581936e+00         7.591338e+00         4.802724e-03
          76         7.708092e+00         7.592874e+00         4.979169e-03
          77         7.556642e+00         7.592404e+00         4.936688e-03
          78         7.557847e+00         7.591961e+00         4.893236e-03
          79         7.511267e+00         7.590939e+00         4.936756e-03
          80         7.586122e+00         7.590879e+00         4.875413e-03
          81         7.565994e+00         7.590572e+00         4.824893e-03
          82         7.580148e+00         7.590445e+00         4.767727e-03
          83         7.587210e+00         7.590406e+00         4.710444e-03
          84         7.623006e+00         7.590794e+00         4.670328e-03
          85         7.637332e+00         7.591341e+00         4.647365e-03
          86         7.561003e+00         7.590989e+00         4.606696e-03
          87         7.601960e+00         7.591115e+00         4.555471e-03
          88         7.588356e+00         7.591083e+00         4.503812e-03
          89         7.602410e+00         7.591211e+00         4.455005e-03
          90         7.551595e+00         7.590770e+00         4.427197e-03
          91         7.687821e+00         7.591837e+00         4.505172e-03
          92         7.501400e+00         7.590854e+00         4.562188e-03
          93         7.584382e+00         7.590784e+00         4.513662e-03
          94         7.588474e+00         7.590760e+00         4.465712e-03
          95         7.549297e+00         7.590323e+00         4.439981e-03
          96         7.538498e+00         7.589783e+00         4.426429e-03
          97         7.537345e+00         7.589243e+00         4.413685e-03
          98         7.625989e+00         7.589618e+00         4.384545e-03
          99         7.566860e+00         7.589388e+00         4.346279e-03
         100         7.596016e+00         7.589454e+00         4.303321e-03
         101         7.594590e+00         7.589505e+00         4.261015e-03
         102         7.624848e+00         7.589852e+00         4.233305e-03
         103         7.516542e+00         7.589140e+00         4.251616e-03
         104         7.556922e+00         7.588830e+00         4.222007e-03
         105         7.651161e+00         7.589424e+00         4.223324e-03
         106         7.537852e+00         7.588937e+00         4.211411e-03
         107         7.575471e+00         7.588811e+00         4.173933e-03
         108         7.591649e+00         7.588838e+00         4.135368e-03
         109         7.557088e+00         7.588546e+00         4.107674e-03
         110         7.623443e+00         7.588864e+00         4.082564e-03
         111         7.612177e+00         7.589074e+00         4.051183e-03
         112         7.473533e+00         7.588042e+00         4.144277e-03
         113         7.587713e+00         7.588039e+00         4.107603e-03
         114         7.604521e+00         7.588184e+00         4.074115e-03
         115         7.655415e+00         7.588768e+00         4.080417e-03
         116         7.541338e+00         7.588359e+00         4.065676e-03
         117         7.573973e+00         7.588236e+00         4.032785e-03
         118         7.502003e+00         7.587506e+00         4.064284e-03
         119         7.563705e+00         7.587306e+00         4.035049e-03
         120         7.590622e+00         7.587333e+00         4.001518e-03
         121         7.607503e+00         7.587500e+00         3.971918e-03
         122         7.588404e+00         7.587507e+00         3.939368e-03
         123         7.553891e+00         7.587234e+00         3.916810e-03
         124         7.587925e+00         7.587240e+00         3.885226e-03
         125         7.554236e+00         7.586976e+00         3.863106e-03
         126         7.618910e+00         7.587229e+00         3.840751e-03
         127         7.560343e+00         7.587017e+00         3.816339e-03
         128         7.576655e+00         7.586936e+00         3.787383e-03
         129         7.622263e+00         7.587210e+00         3.767911e-03
         130         7.608504e+00         7.587374e+00         3.742486e-03
         131         7.540621e+00         7.587017e+00         3.730896e-03
         132         7.577946e+00         7.586948e+00         3.703264e-03
         133         7.571804e+00         7.586835e+00         3.677170e-03
         134         7.625392e+00         7.587122e+00         3.660970e-03
         135         7.662316e+00         7.587679e+00         3.675978e-03
         136         7.582332e+00         7.587640e+00         3.649160e-03
         137         7.546067e+00         7.587337e+00         3.635118e-03
         138         7.625629e+00         7.587614e+00         3.619352e-03
         139         7.546005e+00         7.587315e+00         3.605671e-03
         140         7.625220e+00         7.587585e+00         3.590067e-03
         141         7.547044e+00         7.587298e+00         3.576101e-03
         142         7.645902e+00         7.587711e+00         3.574652e-03
         143         7.670108e+00         7.588287e+00         3.595795e-03
         144         7.644177e+00         7.588675e+00         3.591710e-03
         145         7.603513e+00         7.588777e+00         3.568397e-03
         146         7.616794e+00         7.588969e+00         3.549112e-03
         147         7.591007e+00         7.588983e+00         3.524995e-03
         148         7.715052e+00         7.589835e+00         3.602629e-03
         149         7.548687e+00         7.589559e+00         3.589019e-03
         150         7.599902e+00         7.589628e+00         3.565755e-03
         151         7.627581e+00         7.589879e+00         3.550988e-03
         152         7.733108e+00         7.590821e+00         3.650510e-03
         153         7.623128e+00         7.591032e+00         3.632752e-03
         154         7.572189e+00         7.590910e+00         3.611223e-03
         155         7.575561e+00         7.590811e+00         3.589282e-03
         156         7.552824e+00         7.590568e+00         3.574524e-03
         157         7.569911e+00         7.590436e+00         3.554177e-03
         158         7.606517e+00         7.590538e+00         3.533139e-03
         159         7.565015e+00         7.590377e+00         3.514563e-03
         160         7.622056e+00         7.590575e+00         3.498169e-03
         161         7.441953e+00         7.589652e+00         3.596179e-03
         162         7.659696e+00         7.590084e+00         3.599878e-03
         163         7.574095e+00         7.589986e+00         3.579129e-03
         164         7.562927e+00         7.589821e+00         3.561107e-03
         165         7.514657e+00         7.589366e+00         3.568542e-03
         166         7.610342e+00         7.589492e+00         3.549281e-03
         167         7.601713e+00         7.589565e+00         3.528782e-03
         168         7.665907e+00         7.590020e+00         3.536915e-03
         169         7.586972e+00         7.590002e+00         3.516032e-03
         170         7.646041e+00         7.590331e+00         3.510769e-03
         171         7.606204e+00         7.590424e+00         3.491465e-03
         172         7.552678e+00         7.590205e+00         3.478055e-03
         173         7.607032e+00         7.590302e+00         3.459311e-03
         174         7.622169e+00         7.590485e+00         3.444274e-03
         175         7.686892e+00         7.591036e+00         3.468370e-03
         176         7.566554e+00         7.590897e+00         3.451451e-03
         177         7.486969e+00         7.590310e+00         3.481538e-03
         178         7.569714e+00         7.590194e+00         3.463901e-03
         179         7.642777e+00         7.590488e+00         3.456984e-03
         180         7.643534e+00         7.590783e+00         3.450317e-03
         181         7.523343e+00         7.590410e+00         3.451313e-03
         182         7.605477e+00         7.590493e+00         3.433343e-03
         183         7.624778e+00         7.590680e+00         3.419689e-03
         184         7.566804e+00         7.590550e+00         3.403565e-03
         185         7.545211e+00         7.590305e+00         3.393980e-03
         186         7.630362e+00         7.590521e+00         3.382558e-03
         187         7.577515e+00         7.590451e+00         3.365185e-03
         188         7.559203e+00         7.590285e+00         3.351387e-03
         189         7.627577e+00         7.590482e+00         3.339458e-03
         190         7.633572e+00         7.590709e+00         3.329574e-03
         191         7.653939e+00         7.591040e+00         3.328558e-03
         192         7.634822e+00         7.591268e+00         3.319024e-03
         193         7.644868e+00         7.591546e+00         3.313426e-03
         194         7.644512e+00         7.591819e+00         3.307575e-03
         195         7.644189e+00         7.592087e+00         3.301499e-03
         196         7.605531e+00         7.592156e+00         3.285367e-03
         197         7.578986e+00         7.592089e+00         3.269370e-03
         198         7.618464e+00         7.592222e+00         3.255571e-03
         199         7.478370e+00         7.591650e+00         3.289098e-03
         200         7.628237e+00         7.591833e+00         3.277736e-03
