    # BLOCK:          ACTUAL_T:              T_AVE:              ERROR:
           1         1.221892e+00         1.221892e+00         0.000000e+00
           2         1.195714e+00         1.208803e+00         9.255141e-03
           3         1.198277e+00         1.205295e+00         6.802738e-03
           4         1.225959e+00         1.210461e+00         6.785862e-03
           5         1.197473e+00         1.207863e+00         5.904970e-03
           6         1.191933e+00         1.205208e+00         5.485317e-03
           7         1.201036e+00         1.204612e+00         4.733970e-03
           8         1.182390e+00         1.201834e+00         4.889713e-03
           9         1.187661e+00         1.200260e+00         4.593026e-03
          10         1.242551e+00         1.204489e+00         5.760599e-03
          11         1.217765e+00         1.205696e+00         5.361856e-03
          12         1.194038e+00         1.204724e+00         5.002267e-03
          13         1.162664e+00         1.201489e+00         5.566282e-03
          14         1.203679e+00         1.201645e+00         5.170889e-03
          15         1.216455e+00         1.202633e+00         4.919523e-03
          16         1.189082e+00         1.201786e+00         4.684382e-03
          17         1.218342e+00         1.202760e+00         4.508928e-03
          18         1.223009e+00         1.203884e+00         4.396532e-03
          19         1.208017e+00         1.204102e+00         4.170513e-03
          20         1.239322e+00         1.205863e+00         4.317802e-03
          21         1.252853e+00         1.208101e+00         4.656031e-03
          22         1.235523e+00         1.209347e+00         4.608226e-03
          23         1.178418e+00         1.208002e+00         4.599888e-03
          24         1.210560e+00         1.208109e+00         4.409461e-03
          25         1.225123e+00         1.208790e+00         4.285279e-03
          26         1.212264e+00         1.208923e+00         4.122544e-03
          27         1.215789e+00         1.209177e+00         3.977693e-03
          28         1.184369e+00         1.208291e+00         3.933071e-03
          29         1.186127e+00         1.207527e+00         3.870997e-03
          30         1.199304e+00         1.207253e+00         3.751655e-03
          31         1.215647e+00         1.207524e+00         3.640392e-03
          32         1.199579e+00         1.207276e+00         3.535086e-03
          33         1.226394e+00         1.207855e+00         3.475113e-03
          34         1.200764e+00         1.207646e+00         3.379156e-03
          35         1.222724e+00         1.208077e+00         3.309955e-03
          36         1.238874e+00         1.208933e+00         3.326726e-03
          37         1.215220e+00         1.209103e+00         3.241152e-03
          38         1.224706e+00         1.209513e+00         3.181763e-03
          39         1.221621e+00         1.209824e+00         3.115290e-03
          40         1.226714e+00         1.210246e+00         3.065890e-03
          41         1.213052e+00         1.210314e+00         2.991876e-03
          42         1.220645e+00         1.210560e+00         2.930734e-03
          43         1.214759e+00         1.210658e+00         2.864203e-03
          44         1.214945e+00         1.210755e+00         2.800764e-03
          45         1.197581e+00         1.210463e+00         2.753785e-03
          46         1.200401e+00         1.210244e+00         2.702593e-03
          47         1.215756e+00         1.210361e+00         2.647635e-03
          48         1.268177e+00         1.211566e+00         2.853339e-03
          49         1.241132e+00         1.212169e+00         2.858193e-03
          50         1.246119e+00         1.212848e+00         2.880551e-03
          51         1.265150e+00         1.213874e+00         3.001073e-03
          52         1.229326e+00         1.214171e+00         2.958037e-03
          53         1.205376e+00         1.214005e+00         2.906876e-03
          54         1.228953e+00         1.214282e+00         2.866194e-03
          55         1.220568e+00         1.214396e+00         2.816359e-03
          56         1.209015e+00         1.214300e+00         2.767706e-03
          57         1.236614e+00         1.214691e+00         2.746695e-03
          58         1.199293e+00         1.214426e+00         2.712139e-03
          59         1.226151e+00         1.214624e+00         2.673442e-03
          60         1.184105e+00         1.214116e+00         2.676837e-03
          61         1.217608e+00         1.214173e+00         2.633567e-03
          62         1.165883e+00         1.213394e+00         2.703813e-03
          63         1.204603e+00         1.213255e+00         2.664493e-03
          64         1.201476e+00         1.213071e+00         2.629209e-03
          65         1.201816e+00         1.212897e+00         2.594455e-03
          66         1.190387e+00         1.212556e+00         2.577466e-03
          67         1.181497e+00         1.212093e+00         2.580347e-03
          68         1.178815e+00         1.211603e+00         2.588392e-03
          69         1.215439e+00         1.211659e+00         2.551476e-03
          70         1.207744e+00         1.211603e+00         2.515639e-03
          71         1.250392e+00         1.212149e+00         2.538836e-03
          72         1.208542e+00         1.212099e+00         2.504069e-03
          73         1.213274e+00         1.212115e+00         2.469818e-03
          74         1.221136e+00         1.212237e+00         2.439449e-03
          75         1.215764e+00         1.212284e+00         2.407376e-03
          76         1.225944e+00         1.212464e+00         2.382400e-03
          77         1.173412e+00         1.211957e+00         2.404838e-03
          78         1.180958e+00         1.211560e+00         2.406622e-03
          79         1.169787e+00         1.211031e+00         2.433553e-03
          80         1.180431e+00         1.210648e+00         2.433007e-03
          81         1.199032e+00         1.210505e+00         2.407193e-03
          82         1.176054e+00         1.210085e+00         2.414223e-03
          83         1.203442e+00         1.210005e+00         2.386462e-03
          84         1.196536e+00         1.209844e+00         2.363432e-03
          85         1.190598e+00         1.209618e+00         2.346448e-03
          86         1.176444e+00         1.209232e+00         2.350658e-03
          87         1.185892e+00         1.208964e+00         2.338898e-03
          88         1.230861e+00         1.209213e+00         2.325518e-03
          89         1.231015e+00         1.209458e+00         2.312256e-03
          90         1.206200e+00         1.209421e+00         2.286847e-03
          91         1.204452e+00         1.209367e+00         2.262369e-03
          92         1.168026e+00         1.208918e+00         2.281967e-03
          93         1.191674e+00         1.208732e+00         2.264950e-03
          94         1.266608e+00         1.209348e+00         2.323035e-03
          95         1.211114e+00         1.209366e+00         2.298656e-03
          96         1.211588e+00         1.209390e+00         2.274828e-03
          97         1.221587e+00         1.209515e+00         2.254849e-03
          98         1.220504e+00         1.209627e+00         2.234627e-03
          99         1.261241e+00         1.210149e+00         2.272059e-03
         100         1.292215e+00         1.210969e+00         2.392964e-03
         101         1.257771e+00         1.211433e+00         2.413719e-03
         102         1.239413e+00         1.211707e+00         2.405593e-03
         103         1.227461e+00         1.211860e+00         2.387095e-03
         104         1.234280e+00         1.212076e+00         2.373856e-03
         105         1.233223e+00         1.212277e+00         2.359777e-03
         106         1.228761e+00         1.212433e+00         2.342633e-03
         107         1.270138e+00         1.212972e+00         2.382007e-03
         108         1.271269e+00         1.213512e+00         2.420340e-03
         109         1.235110e+00         1.213710e+00         2.406232e-03
         110         1.259642e+00         1.214127e+00         2.420318e-03
         111         1.224320e+00         1.214219e+00         2.400255e-03
         112         1.224716e+00         1.214313e+00         2.380653e-03
         113         1.229859e+00         1.214450e+00         2.363557e-03
         114         1.276992e+00         1.214999e+00         2.405650e-03
         115         1.256809e+00         1.215363e+00         2.412047e-03
         116         1.276313e+00         1.215888e+00         2.447814e-03
         117         1.250116e+00         1.216181e+00         2.444311e-03
         118         1.210185e+00         1.216130e+00         2.424125e-03
         119         1.202898e+00         1.216019e+00         2.406303e-03
         120         1.231536e+00         1.216148e+00         2.389723e-03
         121         1.205469e+00         1.216060e+00         2.371602e-03
         122         1.199841e+00         1.215927e+00         2.355885e-03
         123         1.150995e+00         1.215399e+00         2.395147e-03
         124         1.176328e+00         1.215084e+00         2.396466e-03
         125         1.200797e+00         1.214969e+00         2.380018e-03
         126         1.162512e+00         1.214553e+00         2.397267e-03
         127         1.199399e+00         1.214434e+00         2.381358e-03
         128         1.197530e+00         1.214302e+00         2.366413e-03
         129         1.200917e+00         1.214198e+00         2.350342e-03
         130         1.226472e+00         1.214292e+00         2.334158e-03
         131         1.210732e+00         1.214265e+00         2.316498e-03
         132         1.193925e+00         1.214111e+00         2.304069e-03
         133         1.166921e+00         1.213756e+00         2.313903e-03
         134         1.142157e+00         1.213222e+00         2.357521e-03
         135         1.174280e+00         1.212934e+00         2.357640e-03
         136         1.184654e+00         1.212726e+00         2.349456e-03
         137         1.199551e+00         1.212629e+00         2.334274e-03
         138         1.185538e+00         1.212433e+00         2.325599e-03
         139         1.164250e+00         1.212087e+00         2.334559e-03
         140         1.157262e+00         1.211695e+00         2.350498e-03
         141         1.236176e+00         1.211869e+00         2.340231e-03
         142         1.231307e+00         1.212005e+00         2.327751e-03
         143         1.218009e+00         1.212047e+00         2.311852e-03
         144         1.199067e+00         1.211957e+00         2.297554e-03
         145         1.216977e+00         1.211992e+00         2.281969e-03
         146         1.211807e+00         1.211991e+00         2.266340e-03
         147         1.180648e+00         1.211777e+00         2.260930e-03
         148         1.184729e+00         1.211595e+00         2.253028e-03
         149         1.187159e+00         1.211431e+00         2.243868e-03
         150         1.192426e+00         1.211304e+00         2.232483e-03
         151         1.244920e+00         1.211527e+00         2.228771e-03
         152         1.268218e+00         1.211900e+00         2.245098e-03
         153         1.243324e+00         1.212105e+00         2.239799e-03
         154         1.291032e+00         1.212617e+00         2.283139e-03
         155         1.260377e+00         1.212926e+00         2.289106e-03
         156         1.227945e+00         1.213022e+00         2.276456e-03
         157         1.234961e+00         1.213162e+00         2.266242e-03
         158         1.237698e+00         1.213317e+00         2.257213e-03
         159         1.210878e+00         1.213302e+00         2.243069e-03
         160         1.210939e+00         1.213287e+00         2.229098e-03
         161         1.204406e+00         1.213232e+00         2.215935e-03
         162         1.237080e+00         1.213379e+00         2.207141e-03
         163         1.252489e+00         1.213619e+00         2.206604e-03
         164         1.240624e+00         1.213783e+00         2.199284e-03
         165         1.220728e+00         1.213826e+00         2.186358e-03
         166         1.205912e+00         1.213778e+00         2.173707e-03
         167         1.235541e+00         1.213908e+00         2.164593e-03
         168         1.222508e+00         1.213959e+00         2.152314e-03
         169         1.214523e+00         1.213963e+00         2.139581e-03
         170         1.222726e+00         1.214014e+00         2.127616e-03
         171         1.222052e+00         1.214061e+00         2.115693e-03
         172         1.189137e+00         1.213916e+00         2.108349e-03
         173         1.162226e+00         1.213618e+00         2.117228e-03
         174         1.188571e+00         1.213474e+00         2.109948e-03
         175         1.201893e+00         1.213407e+00         2.098928e-03
         176         1.207593e+00         1.213374e+00         2.087263e-03
         177         1.196172e+00         1.213277e+00         2.077732e-03
         178         1.173948e+00         1.213056e+00         2.077774e-03
         179         1.169868e+00         1.212815e+00         2.080128e-03
         180         1.201602e+00         1.212753e+00         2.069504e-03
         181         1.211998e+00         1.212749e+00         2.058074e-03
         182         1.211249e+00         1.212740e+00         2.046783e-03
         183         1.207524e+00         1.212712e+00         2.035797e-03
         184         1.176811e+00         1.212517e+00         2.034061e-03
         185         1.214706e+00         1.212528e+00         2.023100e-03
         186         1.245023e+00         1.212703e+00         2.019752e-03
         187         1.220635e+00         1.212746e+00         2.009397e-03
         188         1.226750e+00         1.212820e+00         2.000089e-03
         189         1.236653e+00         1.212946e+00         1.993478e-03
         190         1.208238e+00         1.212921e+00         1.983140e-03
         191         1.241723e+00         1.213072e+00         1.978482e-03
         192         1.236048e+00         1.213192e+00         1.971793e-03
         193         1.229834e+00         1.213278e+00         1.963461e-03
         194         1.224219e+00         1.213335e+00         1.954150e-03
         195         1.229233e+00         1.213416e+00         1.945828e-03
         196         1.260974e+00         1.213659e+00         1.950971e-03
         197         1.213332e+00         1.213657e+00         1.941068e-03
         198         1.166727e+00         1.213420e+00         1.945682e-03
         199         1.175109e+00         1.213227e+00         1.945405e-03
         200         1.201259e+00         1.213168e+00         1.936599e-03
