    # BLOCK:          ACTUAL_TE:              TE_AVE:              ERROR:
           1         1.406718e+00         1.406718e+00         0.000000e+00
           2         1.406853e+00         1.406785e+00         4.754920e-05
           3         1.406866e+00         1.406812e+00         3.850292e-05
           4         1.406710e+00         1.406787e+00         3.636119e-05
           5         1.406781e+00         1.406785e+00         2.910472e-05
           6         1.406708e+00         1.406773e+00         2.699439e-05
           7         1.406867e+00         1.406786e+00         2.628068e-05
           8         1.406976e+00         1.406810e+00         3.195873e-05
           9         1.406888e+00         1.406818e+00         2.956319e-05
          10         1.406782e+00         1.406815e+00         2.682586e-05
          11         1.406798e+00         1.406813e+00         2.443251e-05
          12         1.406848e+00         1.406816e+00         2.256956e-05
          13         1.406832e+00         1.406817e+00         2.086834e-05
          14         1.406863e+00         1.406821e+00         1.963077e-05
          15         1.406896e+00         1.406826e+00         1.894862e-05
          16         1.406873e+00         1.406829e+00         1.799466e-05
          17         1.406708e+00         1.406822e+00         1.828359e-05
          18         1.406849e+00         1.406823e+00         1.733128e-05
          19         1.406870e+00         1.406826e+00         1.659408e-05
          20         1.406815e+00         1.406825e+00         1.577297e-05
          21         1.406807e+00         1.406824e+00         1.504576e-05
          22         1.406781e+00         1.406822e+00         1.448696e-05
          23         1.406832e+00         1.406823e+00         1.386293e-05
          24         1.406899e+00         1.406826e+00         1.364982e-05
          25         1.406866e+00         1.406827e+00         1.319726e-05
          26         1.406845e+00         1.406828e+00         1.270624e-05
          27         1.406857e+00         1.406829e+00         1.228075e-05
          28         1.406739e+00         1.406826e+00         1.225342e-05
          29         1.406713e+00         1.406822e+00         1.243201e-05
          30         1.406838e+00         1.406823e+00         1.202907e-05
          31         1.406848e+00         1.406823e+00         1.167001e-05
          32         1.406891e+00         1.406825e+00         1.149299e-05
          33         1.406858e+00         1.406826e+00         1.118619e-05
          34         1.406868e+00         1.406828e+00         1.092258e-05
          35         1.406891e+00         1.406829e+00         1.075829e-05
          36         1.406904e+00         1.406832e+00         1.065511e-05
          37         1.406719e+00         1.406829e+00         1.079024e-05
          38         1.406659e+00         1.406824e+00         1.139101e-05
          39         1.406683e+00         1.406820e+00         1.165992e-05
          40         1.406749e+00         1.406819e+00         1.150605e-05
          41         1.406665e+00         1.406815e+00         1.181629e-05
          42         1.406796e+00         1.406814e+00         1.154380e-05
          43         1.406697e+00         1.406812e+00         1.159443e-05
          44         1.406756e+00         1.406810e+00         1.140055e-05
          45         1.406805e+00         1.406810e+00         1.114782e-05
          46         1.406848e+00         1.406811e+00         1.093500e-05
          47         1.406736e+00         1.406810e+00         1.081951e-05
          48         1.406822e+00         1.406810e+00         1.059704e-05
          49         1.406820e+00         1.406810e+00         1.038298e-05
          50         1.406811e+00         1.406810e+00         1.017535e-05
          51         1.406833e+00         1.406810e+00         9.985922e-06
          52         1.406725e+00         1.406809e+00         9.928123e-06
          53         1.406811e+00         1.406809e+00         9.740882e-06
          54         1.406845e+00         1.406810e+00         9.582981e-06
          55         1.406816e+00         1.406810e+00         9.409492e-06
          56         1.406787e+00         1.406809e+00         9.250521e-06
          57         1.406869e+00         1.406810e+00         9.147692e-06
          58         1.406842e+00         1.406811e+00         9.006419e-06
          59         1.406815e+00         1.406811e+00         8.854072e-06
          60         1.406820e+00         1.406811e+00         8.707948e-06
          61         1.406780e+00         1.406811e+00         8.580119e-06
          62         1.406709e+00         1.406809e+00         8.597231e-06
          63         1.406693e+00         1.406807e+00         8.654643e-06
          64         1.406785e+00         1.406807e+00         8.526431e-06
          65         1.406736e+00         1.406806e+00         8.464801e-06
          66         1.406724e+00         1.406804e+00         8.426018e-06
          67         1.406735e+00         1.406803e+00         8.363466e-06
          68         1.406708e+00         1.406802e+00         8.358157e-06
          69         1.406748e+00         1.406801e+00         8.273719e-06
          70         1.406711e+00         1.406800e+00         8.255175e-06
          71         1.406767e+00         1.406799e+00         8.152168e-06
          72         1.406706e+00         1.406798e+00         8.142350e-06
          73         1.406791e+00         1.406798e+00         8.031334e-06
          74         1.406911e+00         1.406800e+00         8.067183e-06
          75         1.406845e+00         1.406800e+00         7.982326e-06
          76         1.406851e+00         1.406801e+00         7.905614e-06
          77         1.406774e+00         1.406800e+00         7.810550e-06
          78         1.406817e+00         1.406801e+00         7.713167e-06
          79         1.406867e+00         1.406802e+00         7.661081e-06
          80         1.406829e+00         1.406802e+00         7.573004e-06
          81         1.406851e+00         1.406802e+00         7.503690e-06
          82         1.406806e+00         1.406803e+00         7.412308e-06
          83         1.406805e+00         1.406803e+00         7.323063e-06
          84         1.406793e+00         1.406802e+00         7.236737e-06
          85         1.406890e+00         1.406803e+00         7.224473e-06
          86         1.406852e+00         1.406804e+00         7.162873e-06
          87         1.406863e+00         1.406805e+00         7.112006e-06
          88         1.406700e+00         1.406804e+00         7.130015e-06
          89         1.406712e+00         1.406802e+00         7.123370e-06
          90         1.406852e+00         1.406803e+00         7.065825e-06
          91         1.406873e+00         1.406804e+00         7.030339e-06
          92         1.406826e+00         1.406804e+00         6.958047e-06
          93         1.406751e+00         1.406803e+00         6.906930e-06
          94         1.406603e+00         1.406801e+00         7.156074e-06
          95         1.406800e+00         1.406801e+00         7.080762e-06
          96         1.406778e+00         1.406801e+00         7.011178e-06
          97         1.406741e+00         1.406800e+00         6.966444e-06
          98         1.406674e+00         1.406799e+00         7.013363e-06
          99         1.406557e+00         1.406797e+00         7.357377e-06
         100         1.406617e+00         1.406795e+00         7.499246e-06
         101         1.406639e+00         1.406793e+00         7.582435e-06
         102         1.406614e+00         1.406792e+00         7.709317e-06
         103         1.406757e+00         1.406791e+00         7.641604e-06
         104         1.406753e+00         1.406791e+00         7.577158e-06
         105         1.406831e+00         1.406791e+00         7.514408e-06
         106         1.406794e+00         1.406791e+00         7.443552e-06
         107         1.406761e+00         1.406791e+00         7.379312e-06
         108         1.406765e+00         1.406791e+00         7.315049e-06
         109         1.406738e+00         1.406790e+00         7.263772e-06
         110         1.406769e+00         1.406790e+00         7.200359e-06
         111         1.406776e+00         1.406790e+00         7.136547e-06
         112         1.406757e+00         1.406790e+00         7.078903e-06
         113         1.406708e+00         1.406789e+00         7.052661e-06
         114         1.406759e+00         1.406789e+00         6.995582e-06
         115         1.406699e+00         1.406788e+00         6.977660e-06
         116         1.406627e+00         1.406787e+00         7.054006e-06
         117         1.406758e+00         1.406786e+00         6.997820e-06
         118         1.406713e+00         1.406786e+00         6.966146e-06
         119         1.406821e+00         1.406786e+00         6.913859e-06
         120         1.406859e+00         1.406787e+00         6.883191e-06
         121         1.406880e+00         1.406787e+00         6.869116e-06
         122         1.406980e+00         1.406789e+00         6.991760e-06
         123         1.406846e+00         1.406789e+00         6.950033e-06
         124         1.406868e+00         1.406790e+00         6.922729e-06
         125         1.406793e+00         1.406790e+00         6.867380e-06
         126         1.406744e+00         1.406790e+00         6.822775e-06
         127         1.406750e+00         1.406789e+00         6.776119e-06
         128         1.406771e+00         1.406789e+00         6.724787e-06
         129         1.406752e+00         1.406789e+00         6.678958e-06
         130         1.406721e+00         1.406788e+00         6.647918e-06
         131         1.406872e+00         1.406789e+00         6.627514e-06
         132         1.406869e+00         1.406790e+00         6.604762e-06
         133         1.406881e+00         1.406790e+00         6.590423e-06
         134         1.406852e+00         1.406791e+00         6.557238e-06
         135         1.406859e+00         1.406791e+00         6.527867e-06
         136         1.406841e+00         1.406792e+00         6.490044e-06
         137         1.406784e+00         1.406792e+00         6.442936e-06
         138         1.406762e+00         1.406791e+00         6.399813e-06
         139         1.406771e+00         1.406791e+00         6.355531e-06
         140         1.406817e+00         1.406791e+00         6.312735e-06
         141         1.406848e+00         1.406792e+00         6.280494e-06
         142         1.406860e+00         1.406792e+00         6.254444e-06
         143         1.406833e+00         1.406793e+00         6.217318e-06
         144         1.406737e+00         1.406792e+00         6.186195e-06
         145         1.406679e+00         1.406791e+00         6.192467e-06
         146         1.406727e+00         1.406791e+00         6.165671e-06
         147         1.406791e+00         1.406791e+00         6.123729e-06
         148         1.406797e+00         1.406791e+00         6.082482e-06
         149         1.406831e+00         1.406791e+00         6.047437e-06
         150         1.406725e+00         1.406791e+00         6.023470e-06
         151         1.406675e+00         1.406790e+00         6.032678e-06
         152         1.406738e+00         1.406790e+00         6.002700e-06
         153         1.406681e+00         1.406789e+00         6.005392e-06
         154         1.406626e+00         1.406788e+00         6.058945e-06
         155         1.406653e+00         1.406787e+00         6.081722e-06
         156         1.406651e+00         1.406786e+00         6.104985e-06
         157         1.406617e+00         1.406785e+00         6.160179e-06
         158         1.406703e+00         1.406785e+00         6.142910e-06
         159         1.406560e+00         1.406783e+00         6.264545e-06
         160         1.406603e+00         1.406782e+00         6.326017e-06
         161         1.406704e+00         1.406782e+00         6.305361e-06
         162         1.406806e+00         1.406782e+00         6.268221e-06
         163         1.406795e+00         1.406782e+00         6.230302e-06
         164         1.406678e+00         1.406781e+00         6.224261e-06
         165         1.406648e+00         1.406780e+00         6.238374e-06
         166         1.406780e+00         1.406780e+00         6.200794e-06
         167         1.406792e+00         1.406780e+00         6.164064e-06
         168         1.406807e+00         1.406781e+00         6.129436e-06
         169         1.406774e+00         1.406781e+00         6.093286e-06
         170         1.406733e+00         1.406780e+00         6.063966e-06
         171         1.406753e+00         1.406780e+00         6.030605e-06
         172         1.406848e+00         1.406781e+00         6.008586e-06
         173         1.406778e+00         1.406781e+00         5.973878e-06
         174         1.406690e+00         1.406780e+00         5.962094e-06
         175         1.406775e+00         1.406780e+00         5.928097e-06
         176         1.406882e+00         1.406781e+00         5.922754e-06
         177         1.406863e+00         1.406781e+00         5.907704e-06
         178         1.406814e+00         1.406781e+00         5.877427e-06
         179         1.406861e+00         1.406782e+00         5.861514e-06
         180         1.406768e+00         1.406782e+00         5.829450e-06
         181         1.406592e+00         1.406781e+00         5.890878e-06
         182         1.406562e+00         1.406779e+00         5.979266e-06
         183         1.406611e+00         1.406778e+00         6.017242e-06
         184         1.406709e+00         1.406778e+00         5.996244e-06
         185         1.406629e+00         1.406777e+00         6.018031e-06
         186         1.406699e+00         1.406777e+00         6.000517e-06
         187         1.406693e+00         1.406776e+00         5.984964e-06
         188         1.406660e+00         1.406776e+00         5.984968e-06
         189         1.406660e+00         1.406775e+00         5.984662e-06
         190         1.406817e+00         1.406775e+00         5.957128e-06
         191         1.406678e+00         1.406775e+00         5.947843e-06
         192         1.406597e+00         1.406774e+00         5.988290e-06
         193         1.406644e+00         1.406773e+00         5.994725e-06
         194         1.406803e+00         1.406773e+00         5.965767e-06
         195         1.406753e+00         1.406773e+00         5.936081e-06
         196         1.406817e+00         1.406774e+00         5.909990e-06
         197         1.406882e+00         1.406774e+00         5.905567e-06
         198         1.406933e+00         1.406775e+00         5.929704e-06
         199         1.406765e+00         1.406775e+00         5.900123e-06
         200         1.406854e+00         1.406775e+00         5.883879e-06
