1	1
1.41795	2
1.73659	3
2.00461	4
2.23922	5
2.45645	6
2.65104	7
2.82779	8
2.99263	9
3.15433	10
3.30807	11
3.45048	12
3.59677	13
3.73181	14
3.87004	15
3.98966	16
4.11623	17
4.23935	18
4.35766	19
4.48246	20
4.60396	21
4.70262	22
4.81494	23
4.91194	24
5.01059	25
5.10716	26
5.2118	27
5.31265	28
5.4056	29
5.49152	30
5.58281	31
5.67499	32
5.76739	33
5.85071	34
5.93632	35
6.02712	36
6.10975	37
6.19915	38
6.28211	39
6.35328	40
6.42825	41
6.50374	42
6.5875	43
6.66493	44
6.74477	45
6.8149	46
6.89556	47
6.97232	48
7.04281	49
7.11898	50
7.18608	51
7.26255	52
7.33289	53
7.39713	54
7.45648	55
7.52193	56
7.58282	57
7.64728	58
7.70439	59
7.76825	60
7.83573	61
7.89392	62
7.95381	63
8.02289	64
8.08789	65
8.1487	66
8.20182	67
8.26536	68
8.31483	69
8.36883	70
8.43318	71
8.49852	72
8.55254	73
8.61387	74
8.66609	75
8.73504	76
8.78905	77
8.84611	78
8.90266	79
8.95876	80
9.00611	81
9.06585	82
9.11919	83
9.17673	84
9.22291	85
9.27083	86
9.32784	87
9.38232	88
9.42362	89
9.46937	90
9.52549	91
9.56729	92
9.61983	93
9.66618	94
9.72236	95
9.78286	96
9.8315	97
9.88263	98
9.94167	99
9.98797	100
