0	1
0.00398612	2
0.00629612	3
0.00739642	4
0.00833385	5
0.00938364	6
0.00994235	7
0.0112235	8
0.0123645	9
0.0128186	10
0.0139847	11
0.01486	12
0.0153308	13
0.016224	14
0.0165918	15
0.0172645	16
0.0171902	17
0.0170131	18
0.0174632	19
0.0176266	20
0.0180199	21
0.0180025	22
0.0191021	23
0.0199114	24
0.0198509	25
0.0195961	26
0.0200655	27
0.0210751	28
0.021408	29
0.0228463	30
0.0229278	31
0.0237466	32
0.0240976	33
0.0248483	34
0.0255622	35
0.0263459	36
0.0275444	37
0.0275996	38
0.0271378	39
0.0266085	40
0.0267781	41
0.0272241	42
0.0269893	43
0.0275804	44
0.0277356	45
0.0275657	46
0.0278871	47
0.0282944	48
0.0290758	49
0.0293337	50
0.0297028	51
0.0292019	52
0.0298001	53
0.0302378	54
0.030079	55
0.0314611	56
0.0315866	57
0.0317666	58
0.0319978	59
0.0320098	60
0.0337123	61
0.0347817	62
0.0350004	63
0.0353919	64
0.0352123	65
0.0369317	66
0.0361383	67
0.0372084	68
0.037553	69
0.0373844	70
0.0376004	71
0.0376663	72
0.037603	73
0.0388983	74
0.0387222	75
0.0401013	76
0.0404531	77
0.0407449	78
0.0415163	79
0.041492	80
0.0416257	81
0.0425285	82
0.0436051	83
0.0436776	84
0.0434111	85
0.0432797	86
0.0428364	87
0.0418658	88
0.0416401	89
0.042492	90
0.0429821	91
0.0434755	92
0.0434744	93
0.0428264	94
0.0432295	95
0.0436933	96
0.0436235	97
0.0450078	98
0.0452491	99
0.0454198	100
