    #T:              ACCEPTANCE:
1.100000e+00         9.000000e-01
1.092316e+00         6.000000e-01
1.084685e+00         7.000000e-01
1.077108e+00         8.000000e-01
1.069584e+00         8.000000e-01
1.062112e+00         8.000000e-01
1.054693e+00         4.000000e-01
1.047325e+00         3.000000e-01
1.040009e+00         8.000000e-01
1.032744e+00         9.000000e-01
1.025530e+00         9.000000e-01
1.018366e+00         5.000000e-01
1.011252e+00         6.000000e-01
1.004188e+00         8.000000e-01
9.971731e-01         5.000000e-01
9.902073e-01         8.000000e-01
9.832902e-01         8.000000e-01
9.764213e-01         9.000000e-01
9.696005e-01         5.000000e-01
9.628273e-01         7.000000e-01
9.561014e-01         9.000000e-01
9.494225e-01         7.000000e-01
9.427902e-01         7.000000e-01
9.362043e-01         7.000000e-01
9.296644e-01         6.000000e-01
9.231702e-01         3.000000e-01
9.167213e-01         4.000000e-01
9.103175e-01         6.000000e-01
9.039584e-01         7.000000e-01
8.976437e-01         6.000000e-01
8.913732e-01         6.000000e-01
8.851465e-01         3.000000e-01
8.789632e-01         3.000000e-01
8.728232e-01         7.000000e-01
8.667260e-01         6.000000e-01
8.606714e-01         5.000000e-01
8.546592e-01         4.000000e-01
8.486889e-01         5.000000e-01
8.427603e-01         5.000000e-01
8.368732e-01         3.000000e-01
8.310271e-01         8.000000e-01
8.252219e-01         6.000000e-01
8.194573e-01         6.000000e-01
8.137329e-01         8.000000e-01
8.080485e-01         6.000000e-01
8.024039e-01         6.000000e-01
7.967986e-01         7.000000e-01
7.912325e-01         7.000000e-01
7.857053e-01         9.000000e-01
7.802167e-01         9.000000e-01
7.747665e-01         6.000000e-01
7.693543e-01         4.000000e-01
7.639799e-01         3.000000e-01
7.586431e-01         6.000000e-01
7.533436e-01         7.000000e-01
7.480810e-01         8.000000e-01
7.428553e-01         8.000000e-01
7.376660e-01         8.000000e-01
7.325130e-01         5.000000e-01
7.273960e-01         3.000000e-01
7.223147e-01         5.000000e-01
7.172689e-01         6.000000e-01
7.122584e-01         6.000000e-01
7.072829e-01         3.000000e-01
7.023421e-01         4.000000e-01
6.974359e-01         8.000000e-01
6.925639e-01         7.000000e-01
6.877259e-01         4.000000e-01
6.829218e-01         3.000000e-01
6.781512e-01         6.000000e-01
6.734139e-01         8.000000e-01
6.687097e-01         8.000000e-01
6.640384e-01         6.000000e-01
6.593997e-01         7.000000e-01
6.547935e-01         5.000000e-01
6.502194e-01         4.000000e-01
6.456772e-01         2.000000e-01
6.411668e-01         7.000000e-01
6.366879e-01         8.000000e-01
6.322403e-01         7.000000e-01
6.278237e-01         8.000000e-01
6.234380e-01         7.000000e-01
6.190829e-01         5.000000e-01
6.147583e-01         7.000000e-01
6.104639e-01         7.000000e-01
6.061994e-01         8.000000e-01
6.019648e-01         6.000000e-01
5.977597e-01         4.000000e-01
5.935840e-01         5.000000e-01
5.894375e-01         6.000000e-01
5.853200e-01         2.000000e-01
5.812312e-01         4.000000e-01
5.771710e-01         4.000000e-01
5.731391e-01         7.000000e-01
5.691354e-01         7.000000e-01
5.651597e-01         5.000000e-01
5.612117e-01         7.000000e-01
5.572913e-01         6.000000e-01
5.533983e-01         8.000000e-01
5.495325e-01         5.000000e-01
5.456937e-01         2.000000e-01
5.418818e-01         4.000000e-01
5.380964e-01         5.000000e-01
5.343375e-01         5.000000e-01
5.306049e-01         7.000000e-01
5.268983e-01         5.000000e-01
5.232176e-01         5.000000e-01
5.195626e-01         6.000000e-01
5.159332e-01         7.000000e-01
5.123291e-01         6.000000e-01
5.087502e-01         4.000000e-01
5.051963e-01         2.000000e-01
5.016672e-01         6.000000e-01
4.981628e-01         6.000000e-01
4.946828e-01         4.000000e-01
4.912272e-01         5.000000e-01
4.877957e-01         9.000000e-01
4.843882e-01         8.000000e-01
4.810045e-01         8.000000e-01
4.776444e-01         3.000000e-01
4.743078e-01         6.000000e-01
4.709945e-01         6.000000e-01
4.677043e-01         6.000000e-01
4.644371e-01         2.000000e-01
4.611928e-01         4.000000e-01
4.579711e-01         5.000000e-01
4.547719e-01         5.000000e-01
4.515950e-01         4.000000e-01
4.484404e-01         3.000000e-01
4.453078e-01         5.000000e-01
4.421971e-01         7.000000e-01
4.391081e-01         3.000000e-01
4.360407e-01         5.000000e-01
4.329947e-01         4.000000e-01
4.299700e-01         8.000000e-01
4.269664e-01         6.000000e-01
4.239838e-01         9.000000e-01
4.210220e-01         5.000000e-01
4.180809e-01         8.000000e-01
4.151604e-01         6.000000e-01
4.122603e-01         5.000000e-01
4.093804e-01         4.000000e-01
4.065207e-01         4.000000e-01
4.036809e-01         5.000000e-01
4.008609e-01         4.000000e-01
3.980607e-01         5.000000e-01
3.952800e-01         6.000000e-01
3.925188e-01         4.000000e-01
3.897768e-01         4.000000e-01
3.870540e-01         5.000000e-01
3.843502e-01         3.000000e-01
3.816653e-01         6.000000e-01
3.789992e-01         2.000000e-01
3.763516e-01         6.000000e-01
3.737226e-01         6.000000e-01
3.711119e-01         6.000000e-01
3.685195e-01         4.000000e-01
3.659452e-01         7.000000e-01
3.633889e-01         4.000000e-01
3.608504e-01         5.000000e-01
3.583297e-01         5.000000e-01
3.558265e-01         5.000000e-01
3.533409e-01         3.000000e-01
3.508726e-01         7.000000e-01
3.484215e-01         3.000000e-01
3.459876e-01         2.000000e-01
3.435707e-01         6.000000e-01
3.411707e-01         4.000000e-01
3.387874e-01         7.000000e-01
3.364208e-01         5.000000e-01
3.340707e-01         9.000000e-01
3.317370e-01         3.000000e-01
3.294196e-01         2.000000e-01
3.271185e-01         4.000000e-01
3.248334e-01         5.000000e-01
3.225642e-01         5.000000e-01
3.203109e-01         8.000000e-01
3.180734e-01         3.000000e-01
3.158515e-01         2.000000e-01
3.136451e-01         4.000000e-01
3.114541e-01         8.000000e-01
3.092784e-01         5.000000e-01
3.071179e-01         6.000000e-01
3.049725e-01         8.000000e-01
3.028421e-01         3.000000e-01
3.007266e-01         5.000000e-01
2.986258e-01         5.000000e-01
2.965398e-01         2.000000e-01
2.944683e-01         5.000000e-01
2.924112e-01         7.000000e-01
2.903686e-01         8.000000e-01
2.883402e-01         3.000000e-01
2.863260e-01         7.000000e-01
2.843258e-01         7.000000e-01
2.823397e-01         7.000000e-01
2.803674e-01         4.000000e-01
2.784088e-01         5.000000e-01
2.764640e-01         5.000000e-01
2.745327e-01         4.000000e-01
2.726150e-01         4.000000e-01
2.707106e-01         5.000000e-01
2.688195e-01         6.000000e-01
2.669417e-01         4.000000e-01
2.650769e-01         6.000000e-01
2.632252e-01         3.000000e-01
2.613865e-01         4.000000e-01
2.595605e-01         4.000000e-01
2.577473e-01         7.000000e-01
2.559468e-01         4.000000e-01
2.541589e-01         8.000000e-01
2.523835e-01         6.000000e-01
2.506204e-01         6.000000e-01
2.488697e-01         7.000000e-01
2.471312e-01         6.000000e-01
2.454048e-01         5.000000e-01
2.436906e-01         5.000000e-01
2.419882e-01         2.000000e-01
2.402978e-01         4.000000e-01
2.386192e-01         8.000000e-01
2.369523e-01         4.000000e-01
2.352971e-01         3.000000e-01
2.336534e-01         4.000000e-01
2.320212e-01         5.000000e-01
2.304004e-01         0.000000e+00
2.287909e-01         2.000000e-01
2.271927e-01         3.000000e-01
2.256056e-01         4.000000e-01
2.240296e-01         4.000000e-01
2.224647e-01         5.000000e-01
2.209106e-01         1.000000e-01
2.193674e-01         5.000000e-01
2.178350e-01         1.000000e-01
2.163133e-01         5.000000e-01
2.148023e-01         4.000000e-01
2.133017e-01         3.000000e-01
2.118117e-01         1.000000e-01
2.103321e-01         5.000000e-01
2.088628e-01         2.000000e-01
2.074038e-01         4.000000e-01
2.059549e-01         4.000000e-01
2.045162e-01         4.000000e-01
2.030876e-01         5.000000e-01
2.016689e-01         5.000000e-01
2.002601e-01         0.000000e+00
1.988612e-01         1.000000e-01
1.974720e-01         4.000000e-01
1.960926e-01         3.000000e-01
1.947228e-01         3.000000e-01
1.933625e-01         6.000000e-01
1.920118e-01         1.000000e-01
1.906705e-01         4.000000e-01
1.893385e-01         3.000000e-01
1.880159e-01         5.000000e-01
1.867025e-01         7.000000e-01
1.853983e-01         1.000000e-01
1.841031e-01         3.000000e-01
1.828171e-01         1.000000e-01
1.815400e-01         6.000000e-01
1.802718e-01         2.000000e-01
1.790125e-01         2.000000e-01
1.777620e-01         4.000000e-01
1.765203e-01         3.000000e-01
1.752872e-01         4.000000e-01
1.740627e-01         2.000000e-01
1.728468e-01         3.000000e-01
1.716393e-01         2.000000e-01
1.704403e-01         0.000000e+00
1.692497e-01         1.000000e-01
1.680674e-01         2.000000e-01
1.668934e-01         2.000000e-01
1.657275e-01         1.000000e-01
1.645698e-01         2.000000e-01
1.634202e-01         0.000000e+00
1.622786e-01         3.000000e-01
1.611450e-01         4.000000e-01
1.600193e-01         5.000000e-01
1.589015e-01         4.000000e-01
1.577915e-01         2.000000e-01
1.566892e-01         3.000000e-01
1.555947e-01         6.000000e-01
1.545078e-01         6.000000e-01
1.534284e-01         1.000000e-01
1.523567e-01         4.000000e-01
1.512924e-01         4.000000e-01
1.502355e-01         5.000000e-01
1.491860e-01         3.000000e-01
1.481439e-01         5.000000e-01
1.471090e-01         7.000000e-01
1.460814e-01         5.000000e-01
1.450609e-01         3.000000e-01
1.440476e-01         2.000000e-01
1.430413e-01         0.000000e+00
1.420421e-01         5.000000e-01
1.410498e-01         3.000000e-01
1.400645e-01         3.000000e-01
1.390861e-01         4.000000e-01
1.381145e-01         4.000000e-01
1.371497e-01         5.000000e-01
1.361916e-01         0.000000e+00
1.352403e-01         2.000000e-01
1.342955e-01         4.000000e-01
1.333574e-01         3.000000e-01
1.324258e-01         4.000000e-01
1.315008e-01         0.000000e+00
1.305821e-01         2.000000e-01
1.296700e-01         1.000000e-01
1.287641e-01         1.000000e-01
1.278646e-01         3.000000e-01
1.269714e-01         3.000000e-01
1.260845e-01         7.000000e-01
1.252037e-01         3.000000e-01
1.243291e-01         1.000000e-01
1.234606e-01         1.000000e-01
1.225981e-01         5.000000e-01
1.217417e-01         2.000000e-01
1.208913e-01         2.000000e-01
1.200468e-01         2.000000e-01
1.192082e-01         2.000000e-01
1.183755e-01         1.000000e-01
1.175485e-01         4.000000e-01
1.167274e-01         3.000000e-01
1.159120e-01         6.000000e-01
1.151023e-01         2.000000e-01
1.142982e-01         4.000000e-01
1.134998e-01         3.000000e-01
1.127069e-01         3.000000e-01
1.119196e-01         7.000000e-01
1.111378e-01         4.000000e-01
1.103614e-01         3.000000e-01
1.095905e-01         4.000000e-01
1.088249e-01         2.000000e-01
1.080647e-01         0.000000e+00
1.073098e-01         5.000000e-01
1.065602e-01         1.000000e-01
1.058158e-01         2.000000e-01
1.050767e-01         1.000000e-01
1.043426e-01         2.000000e-01
1.036137e-01         3.000000e-01
1.028899e-01         2.000000e-01
1.021712e-01         0.000000e+00
1.014575e-01         2.000000e-01
1.007487e-01         2.000000e-01
1.000450e-01         0.000000e+00
9.934608e-02         0.000000e+00
9.865210e-02         0.000000e+00
9.796296e-02         1.000000e-01
9.727863e-02         0.000000e+00
9.659908e-02         1.000000e-01
9.592428e-02         0.000000e+00
9.525420e-02         1.000000e-01
9.458879e-02         2.000000e-01
9.392804e-02         1.000000e-01
9.327190e-02         4.000000e-01
9.262034e-02         4.000000e-01
9.197334e-02         1.000000e-01
9.133085e-02         3.000000e-01
9.069285e-02         1.000000e-01
9.005931e-02         0.000000e+00
8.943020e-02         3.000000e-01
8.880548e-02         3.000000e-01
8.818512e-02         4.000000e-01
8.756910e-02         1.000000e-01
8.695738e-02         3.000000e-01
8.634993e-02         2.000000e-01
8.574673e-02         4.000000e-01
8.514774e-02         3.000000e-01
8.455294e-02         2.000000e-01
8.396229e-02         5.000000e-01
8.337576e-02         2.000000e-01
8.279334e-02         3.000000e-01
8.221498e-02         4.000000e-01
8.164066e-02         3.000000e-01
8.107036e-02         0.000000e+00
8.050403e-02         3.000000e-01
7.994167e-02         4.000000e-01
7.938323e-02         3.000000e-01
7.882869e-02         5.000000e-01
7.827803e-02         2.000000e-01
7.773121e-02         1.000000e-01
7.718822e-02         2.000000e-01
7.664902e-02         3.000000e-01
7.611358e-02         2.000000e-01
7.558188e-02         5.000000e-01
7.505390e-02         1.000000e-01
7.452961e-02         0.000000e+00
7.400898e-02         0.000000e+00
7.349198e-02         0.000000e+00
7.297860e-02         0.000000e+00
7.246880e-02         1.000000e-01
7.196257e-02         0.000000e+00
7.145987e-02         0.000000e+00
7.096068e-02         2.000000e-01
7.046498e-02         2.000000e-01
6.997274e-02         3.000000e-01
6.948394e-02         3.000000e-01
6.899856e-02         2.000000e-01
6.851657e-02         1.000000e-01
6.803794e-02         3.000000e-01
6.756266e-02         2.000000e-01
6.709069e-02         0.000000e+00
6.662203e-02         1.000000e-01
6.615663e-02         1.000000e-01
6.569449e-02         0.000000e+00
6.523558e-02         1.000000e-01
6.477987e-02         3.000000e-01
6.432735e-02         1.000000e-01
6.387799e-02         1.000000e-01
6.343176e-02         1.000000e-01
6.298866e-02         0.000000e+00
6.254864e-02         1.000000e-01
6.211171e-02         3.000000e-01
6.167782e-02         2.000000e-01
6.124697e-02         0.000000e+00
6.081912e-02         2.000000e-01
6.039427e-02         0.000000e+00
5.997238e-02         1.000000e-01
5.955344e-02         3.000000e-01
5.913742e-02         2.000000e-01
5.872432e-02         5.000000e-01
5.831409e-02         4.000000e-01
5.790674e-02         3.000000e-01
5.750223e-02         2.000000e-01
5.710054e-02         3.000000e-01
5.670166e-02         1.000000e-01
5.630557e-02         2.000000e-01
5.591224e-02         1.000000e-01
5.552166e-02         2.000000e-01
5.513381e-02         0.000000e+00
5.474867e-02         1.000000e-01
5.436622e-02         1.000000e-01
5.398644e-02         1.000000e-01
5.360932e-02         1.000000e-01
5.323483e-02         0.000000e+00
5.286295e-02         0.000000e+00
5.249367e-02         0.000000e+00
5.212698e-02         0.000000e+00
5.176284e-02         0.000000e+00
5.140125e-02         1.000000e-01
5.104218e-02         2.000000e-01
5.068562e-02         0.000000e+00
5.033156e-02         2.000000e-01
4.997996e-02         0.000000e+00
4.963082e-02         2.000000e-01
4.928412e-02         1.000000e-01
4.893985e-02         1.000000e-01
4.859797e-02         2.000000e-01
4.825849e-02         2.000000e-01
4.792138e-02         0.000000e+00
4.758662e-02         0.000000e+00
4.725420e-02         0.000000e+00
4.692410e-02         0.000000e+00
4.659631e-02         2.000000e-01
4.627081e-02         1.000000e-01
4.594758e-02         0.000000e+00
4.562661e-02         0.000000e+00
4.530789e-02         3.000000e-01
4.499138e-02         0.000000e+00
4.467709e-02         0.000000e+00
4.436500e-02         1.000000e-01
4.405509e-02         0.000000e+00
4.374734e-02         0.000000e+00
4.344174e-02         0.000000e+00
4.313827e-02         1.000000e-01
4.283693e-02         1.000000e-01
4.253769e-02         0.000000e+00
4.224054e-02         2.000000e-01
4.194546e-02         2.000000e-01
4.165245e-02         0.000000e+00
4.136148e-02         0.000000e+00
4.107255e-02         0.000000e+00
4.078564e-02         0.000000e+00
4.050073e-02         1.000000e-01
4.021780e-02         1.000000e-01
3.993686e-02         0.000000e+00
3.965788e-02         1.000000e-01
3.938085e-02         0.000000e+00
3.910575e-02         0.000000e+00
3.883257e-02         0.000000e+00
3.856131e-02         1.000000e-01
3.829193e-02         0.000000e+00
3.802444e-02         0.000000e+00
3.775882e-02         0.000000e+00
3.749505e-02         0.000000e+00
3.723313e-02         0.000000e+00
3.697304e-02         1.000000e-01
3.671476e-02         0.000000e+00
3.645829e-02         0.000000e+00
3.620360e-02         2.000000e-01
3.595070e-02         0.000000e+00
3.569957e-02         2.000000e-01
3.545018e-02         1.000000e-01
3.520254e-02         1.000000e-01
3.495664e-02         1.000000e-01
3.471244e-02         0.000000e+00
3.446996e-02         1.000000e-01
3.422917e-02         0.000000e+00
3.399006e-02         1.000000e-01
3.375262e-02         0.000000e+00
3.351683e-02         0.000000e+00
3.328270e-02         1.000000e-01
3.305020e-02         1.000000e-01
3.281933e-02         2.000000e-01
3.259007e-02         0.000000e+00
3.236241e-02         0.000000e+00
3.213634e-02         0.000000e+00
3.191185e-02         0.000000e+00
3.168892e-02         0.000000e+00
3.146756e-02         1.000000e-01
3.124774e-02         0.000000e+00
3.102946e-02         4.000000e-01
3.081270e-02         0.000000e+00
3.059746e-02         1.000000e-01
3.038372e-02         0.000000e+00
3.017147e-02         0.000000e+00
2.996070e-02         1.000000e-01
2.975141e-02         2.000000e-01
2.954358e-02         2.000000e-01
2.933720e-02         0.000000e+00
2.913227e-02         0.000000e+00
2.892876e-02         1.000000e-01
2.872668e-02         1.000000e-01
2.852600e-02         0.000000e+00
2.832673e-02         0.000000e+00
2.812886e-02         0.000000e+00
2.793236e-02         0.000000e+00
2.773724e-02         0.000000e+00
2.754348e-02         0.000000e+00
2.735107e-02         0.000000e+00
2.716001e-02         0.000000e+00
2.697028e-02         0.000000e+00
2.678188e-02         1.000000e-01
2.659479e-02         0.000000e+00
2.640901e-02         1.000000e-01
2.622453e-02         0.000000e+00
2.604134e-02         0.000000e+00
2.585942e-02         0.000000e+00
2.567878e-02         0.000000e+00
2.549940e-02         0.000000e+00
2.532127e-02         0.000000e+00
2.514439e-02         0.000000e+00
2.496874e-02         1.000000e-01
2.479432e-02         1.000000e-01
2.462112e-02         0.000000e+00
2.444913e-02         1.000000e-01
2.427833e-02         1.000000e-01
2.410874e-02         0.000000e+00
2.394032e-02         0.000000e+00
2.377309e-02         0.000000e+00
2.360702e-02         0.000000e+00
2.344211e-02         0.000000e+00
2.327835e-02         0.000000e+00
2.311574e-02         0.000000e+00
2.295427e-02         0.000000e+00
2.279392e-02         0.000000e+00
2.263469e-02         0.000000e+00
2.247657e-02         1.000000e-01
2.231956e-02         0.000000e+00
2.216365e-02         0.000000e+00
2.200882e-02         0.000000e+00
2.185508e-02         0.000000e+00
2.170241e-02         0.000000e+00
2.155080e-02         0.000000e+00
2.140026e-02         0.000000e+00
2.125077e-02         1.000000e-01
2.110232e-02         1.000000e-01
2.095491e-02         0.000000e+00
2.080852e-02         0.000000e+00
2.066316e-02         1.000000e-01
2.051882e-02         0.000000e+00
2.037549e-02         1.000000e-01
2.023315e-02         0.000000e+00
2.009181e-02         0.000000e+00
1.995146e-02         0.000000e+00
1.981209e-02         0.000000e+00
1.967369e-02         0.000000e+00
1.953626e-02         0.000000e+00
1.939978e-02         0.000000e+00
1.926427e-02         1.000000e-01
1.912969e-02         0.000000e+00
1.899606e-02         0.000000e+00
1.886336e-02         1.000000e-01
1.873159e-02         1.000000e-01
1.860074e-02         0.000000e+00
1.847081e-02         1.000000e-01
1.834178e-02         0.000000e+00
1.821365e-02         0.000000e+00
1.808642e-02         0.000000e+00
1.796007e-02         0.000000e+00
1.783461e-02         0.000000e+00
1.771003e-02         0.000000e+00
1.758631e-02         0.000000e+00
1.746346e-02         0.000000e+00
1.734147e-02         0.000000e+00
1.722033e-02         0.000000e+00
1.710004e-02         0.000000e+00
1.698058e-02         0.000000e+00
1.686196e-02         0.000000e+00
1.674417e-02         0.000000e+00
1.662721e-02         0.000000e+00
1.651106e-02         0.000000e+00
1.639572e-02         0.000000e+00
1.628118e-02         0.000000e+00
1.616745e-02         0.000000e+00
1.605451e-02         0.000000e+00
1.594236e-02         0.000000e+00
1.583100e-02         0.000000e+00
1.572041e-02         0.000000e+00
1.561059e-02         0.000000e+00
1.550154e-02         0.000000e+00
1.539326e-02         0.000000e+00
1.528572e-02         1.000000e-01
1.517895e-02         0.000000e+00
1.507291e-02         0.000000e+00
1.496762e-02         0.000000e+00
1.486306e-02         0.000000e+00
1.475924e-02         0.000000e+00
1.465613e-02         1.000000e-01
1.455375e-02         1.000000e-01
1.445209e-02         0.000000e+00
1.435113e-02         0.000000e+00
1.425088e-02         0.000000e+00
1.415133e-02         0.000000e+00
1.405247e-02         0.000000e+00
1.395431e-02         1.000000e-01
1.385683e-02         0.000000e+00
1.376003e-02         0.000000e+00
1.366391e-02         1.000000e-01
1.356846e-02         1.000000e-01
1.347368e-02         0.000000e+00
1.337956e-02         0.000000e+00
1.328609e-02         0.000000e+00
1.319328e-02         1.000000e-01
1.310112e-02         0.000000e+00
1.300960e-02         0.000000e+00
1.291872e-02         0.000000e+00
1.282848e-02         0.000000e+00
1.273886e-02         0.000000e+00
1.264988e-02         0.000000e+00
1.256151e-02         0.000000e+00
1.247376e-02         2.000000e-01
1.238662e-02         0.000000e+00
1.230010e-02         0.000000e+00
1.221417e-02         0.000000e+00
1.212885e-02         0.000000e+00
1.204412e-02         0.000000e+00
1.195999e-02         0.000000e+00
1.187644e-02         0.000000e+00
1.179348e-02         0.000000e+00
1.171109e-02         0.000000e+00
1.162928e-02         0.000000e+00
1.154805e-02         0.000000e+00
1.146738e-02         0.000000e+00
1.138727e-02         0.000000e+00
1.130773e-02         0.000000e+00
1.122873e-02         0.000000e+00
1.115030e-02         0.000000e+00
1.107240e-02         0.000000e+00
1.099506e-02         0.000000e+00
1.091825e-02         0.000000e+00
1.084198e-02         0.000000e+00
1.076624e-02         0.000000e+00
1.069103e-02         0.000000e+00
1.061635e-02         0.000000e+00
1.054219e-02         0.000000e+00
1.046855e-02         0.000000e+00
1.039542e-02         0.000000e+00
1.032280e-02         0.000000e+00
1.025069e-02         0.000000e+00
1.017908e-02         0.000000e+00
1.010798e-02         0.000000e+00
1.003737e-02         0.000000e+00
9.967251e-03         0.000000e+00
9.897624e-03         0.000000e+00
9.828483e-03         0.000000e+00
9.759826e-03         0.000000e+00
9.691648e-03         0.000000e+00
9.623946e-03         0.000000e+00
9.556718e-03         0.000000e+00
9.489959e-03         1.000000e-01
9.423666e-03         0.000000e+00
9.357836e-03         0.000000e+00
9.292467e-03         0.000000e+00
9.227553e-03         0.000000e+00
9.163094e-03         0.000000e+00
9.099084e-03         0.000000e+00
9.035522e-03         0.000000e+00
8.972404e-03         0.000000e+00
8.909727e-03         0.000000e+00
8.847487e-03         0.000000e+00
8.785683e-03         0.000000e+00
8.724310e-03         0.000000e+00
8.663365e-03         0.000000e+00
8.602847e-03         0.000000e+00
8.542751e-03         0.000000e+00
8.483075e-03         0.000000e+00
8.423816e-03         0.000000e+00
8.364971e-03         0.000000e+00
8.306537e-03         0.000000e+00
8.248511e-03         0.000000e+00
8.190891e-03         0.000000e+00
8.133673e-03         0.000000e+00
8.076855e-03         1.000000e-01
8.020433e-03         0.000000e+00
7.964406e-03         0.000000e+00
7.908770e-03         0.000000e+00
7.853523e-03         0.000000e+00
7.798662e-03         0.000000e+00
7.744184e-03         0.000000e+00
7.690086e-03         0.000000e+00
7.636367e-03         0.000000e+00
7.583022e-03         0.000000e+00
7.530051e-03         1.000000e-01
7.477449e-03         0.000000e+00
7.425215e-03         0.000000e+00
7.373345e-03         0.000000e+00
7.321838e-03         0.000000e+00
7.270691e-03         0.000000e+00
7.219901e-03         0.000000e+00
7.169466e-03         0.000000e+00
7.119384e-03         0.000000e+00
7.069651e-03         0.000000e+00
7.020265e-03         0.000000e+00
6.971225e-03         0.000000e+00
6.922527e-03         0.000000e+00
6.874169e-03         1.000000e-01
6.826149e-03         0.000000e+00
6.778465e-03         0.000000e+00
6.731113e-03         0.000000e+00
6.684093e-03         0.000000e+00
6.637400e-03         0.000000e+00
6.591035e-03         0.000000e+00
6.544992e-03         0.000000e+00
6.499272e-03         0.000000e+00
6.453871e-03         0.000000e+00
6.408787e-03         0.000000e+00
6.364018e-03         0.000000e+00
6.319562e-03         0.000000e+00
6.275416e-03         0.000000e+00
6.231579e-03         0.000000e+00
6.188048e-03         0.000000e+00
6.144821e-03         0.000000e+00
6.101896e-03         0.000000e+00
6.059270e-03         0.000000e+00
6.016943e-03         0.000000e+00
5.974911e-03         0.000000e+00
5.933173e-03         0.000000e+00
5.891727e-03         1.000000e-01
5.850570e-03         0.000000e+00
5.809700e-03         1.000000e-01
5.769116e-03         0.000000e+00
5.728816e-03         1.000000e-01
5.688797e-03         0.000000e+00
5.649057e-03         1.000000e-01
5.609595e-03         1.000000e-01
5.570409e-03         0.000000e+00
5.531497e-03         0.000000e+00
5.492856e-03         0.000000e+00
5.454485e-03         0.000000e+00
5.416383e-03         0.000000e+00
5.378546e-03         0.000000e+00
5.340974e-03         0.000000e+00
5.303664e-03         0.000000e+00
5.266615e-03         0.000000e+00
5.229825e-03         0.000000e+00
5.193292e-03         0.000000e+00
5.157014e-03         0.000000e+00
5.120989e-03         0.000000e+00
5.085216e-03         0.000000e+00
5.049693e-03         0.000000e+00
5.014418e-03         1.000000e-01
4.979390e-03         0.000000e+00
4.944606e-03         0.000000e+00
4.910065e-03         0.000000e+00
4.875765e-03         0.000000e+00
4.841705e-03         1.000000e-01
4.807883e-03         0.000000e+00
4.774298e-03         0.000000e+00
4.740946e-03         0.000000e+00
4.707828e-03         0.000000e+00
4.674941e-03         0.000000e+00
4.642284e-03         0.000000e+00
4.609855e-03         0.000000e+00
4.577653e-03         0.000000e+00
4.545675e-03         1.000000e-01
4.513921e-03         1.000000e-01
4.482389e-03         0.000000e+00
4.451077e-03         0.000000e+00
4.419984e-03         0.000000e+00
4.389108e-03         0.000000e+00
4.358447e-03         0.000000e+00
4.328001e-03         0.000000e+00
4.297768e-03         0.000000e+00
4.267745e-03         0.000000e+00
4.237933e-03         0.000000e+00
4.208328e-03         0.000000e+00
4.178931e-03         1.000000e-01
4.149739e-03         0.000000e+00
4.120750e-03         0.000000e+00
4.091965e-03         0.000000e+00
4.063380e-03         0.000000e+00
4.034995e-03         0.000000e+00
4.006808e-03         1.000000e-01
3.978818e-03         1.000000e-01
3.951024e-03         0.000000e+00
3.923424e-03         0.000000e+00
3.896017e-03         0.000000e+00
3.868801e-03         0.000000e+00
3.841775e-03         0.000000e+00
3.814938e-03         0.000000e+00
3.788289e-03         0.000000e+00
3.761825e-03         0.000000e+00
3.735547e-03         0.000000e+00
3.709452e-03         0.000000e+00
3.683539e-03         0.000000e+00
3.657808e-03         1.000000e-01
3.632256e-03         0.000000e+00
3.606882e-03         0.000000e+00
3.581686e-03         0.000000e+00
3.556666e-03         0.000000e+00
3.531821e-03         0.000000e+00
3.507149e-03         0.000000e+00
3.482650e-03         0.000000e+00
3.458322e-03         0.000000e+00
3.434163e-03         0.000000e+00
3.410174e-03         0.000000e+00
3.386352e-03         1.000000e-01
3.362696e-03         0.000000e+00
3.339206e-03         0.000000e+00
3.315880e-03         0.000000e+00
3.292716e-03         0.000000e+00
3.269715e-03         0.000000e+00
3.246874e-03         0.000000e+00
3.224193e-03         0.000000e+00
3.201670e-03         0.000000e+00
3.179305e-03         0.000000e+00
3.157095e-03         1.000000e-01
3.135041e-03         0.000000e+00
3.113141e-03         0.000000e+00
3.091394e-03         1.000000e-01
3.069799e-03         1.000000e-01
3.048355e-03         0.000000e+00
3.027060e-03         0.000000e+00
3.005915e-03         0.000000e+00
2.984917e-03         0.000000e+00
2.964065e-03         0.000000e+00
2.943360e-03         0.000000e+00
2.922799e-03         0.000000e+00
2.902381e-03         0.000000e+00
2.882106e-03         0.000000e+00
2.861973e-03         0.000000e+00
2.841981e-03         0.000000e+00
2.822128e-03         0.000000e+00
2.802414e-03         0.000000e+00
2.782837e-03         0.000000e+00
2.763398e-03         0.000000e+00
2.744094e-03         0.000000e+00
2.724925e-03         0.000000e+00
2.705890e-03         0.000000e+00
2.686987e-03         0.000000e+00
2.668217e-03         0.000000e+00
2.649578e-03         0.000000e+00
2.631070e-03         0.000000e+00
2.612690e-03         0.000000e+00
2.594439e-03         0.000000e+00
2.576315e-03         0.000000e+00
2.558318e-03         0.000000e+00
2.540447e-03         0.000000e+00
2.522701e-03         0.000000e+00
2.505078e-03         0.000000e+00
2.487579e-03         0.000000e+00
2.470202e-03         0.000000e+00
2.452946e-03         0.000000e+00
2.435811e-03         0.000000e+00
2.418795e-03         0.000000e+00
2.401898e-03         0.000000e+00
2.385120e-03         0.000000e+00
2.368458e-03         0.000000e+00
2.351913e-03         0.000000e+00
2.335484e-03         1.000000e-01
2.319169e-03         0.000000e+00
2.302969e-03         0.000000e+00
2.286881e-03         0.000000e+00
2.270906e-03         0.000000e+00
2.255042e-03         0.000000e+00
2.239290e-03         0.000000e+00
2.223647e-03         0.000000e+00
2.208114e-03         0.000000e+00
2.192689e-03         0.000000e+00
2.177371e-03         0.000000e+00
2.162161e-03         0.000000e+00
2.147057e-03         0.000000e+00
2.132059e-03         0.000000e+00
2.117165e-03         0.000000e+00
2.102376e-03         0.000000e+00
2.087689e-03         0.000000e+00
2.073106e-03         0.000000e+00
2.058624e-03         0.000000e+00
2.044243e-03         0.000000e+00
2.029963e-03         0.000000e+00
2.015783e-03         0.000000e+00
2.001701e-03         0.000000e+00
1.987718e-03         0.000000e+00
1.973833e-03         0.000000e+00
1.960045e-03         0.000000e+00
1.946353e-03         0.000000e+00
1.932756e-03         0.000000e+00
1.919255e-03         0.000000e+00
1.905848e-03         0.000000e+00
1.892534e-03         0.000000e+00
1.879314e-03         0.000000e+00
1.866186e-03         0.000000e+00
1.853150e-03         0.000000e+00
1.840204e-03         0.000000e+00
1.827349e-03         0.000000e+00
1.814584e-03         0.000000e+00
1.801908e-03         0.000000e+00
1.789321e-03         0.000000e+00
1.776822e-03         0.000000e+00
1.764410e-03         1.000000e-01
1.752084e-03         0.000000e+00
1.739845e-03         0.000000e+00
1.727691e-03         0.000000e+00
1.715622e-03         0.000000e+00
1.703638e-03         0.000000e+00
1.691737e-03         0.000000e+00
1.679919e-03         0.000000e+00
1.668184e-03         0.000000e+00
1.656531e-03         0.000000e+00
1.644959e-03         0.000000e+00
1.633468e-03         0.000000e+00
1.622057e-03         0.000000e+00
1.610726e-03         0.000000e+00
1.599474e-03         0.000000e+00
1.588301e-03         0.000000e+00
1.577206e-03         0.000000e+00
1.566188e-03         0.000000e+00
1.555248e-03         0.000000e+00
1.544383e-03         0.000000e+00
1.533595e-03         0.000000e+00
1.522882e-03         0.000000e+00
1.512244e-03         0.000000e+00
1.501680e-03         0.000000e+00
1.491190e-03         0.000000e+00
1.480773e-03         0.000000e+00
1.470429e-03         0.000000e+00
1.460157e-03         0.000000e+00
1.449957e-03         0.000000e+00
1.439828e-03         0.000000e+00
1.429770e-03         0.000000e+00
1.419783e-03         0.000000e+00
1.409865e-03         0.000000e+00
1.400016e-03         0.000000e+00
1.390236e-03         0.000000e+00
1.380524e-03         0.000000e+00
1.370881e-03         0.000000e+00
1.361304e-03         0.000000e+00
1.351795e-03         0.000000e+00
1.342352e-03         0.000000e+00
1.332975e-03         0.000000e+00
1.323663e-03         0.000000e+00
1.314417e-03         0.000000e+00
1.305235e-03         0.000000e+00
1.296117e-03         0.000000e+00
1.287063e-03         0.000000e+00
1.278072e-03         0.000000e+00
1.269144e-03         0.000000e+00
1.260278e-03         0.000000e+00
1.251474e-03         0.000000e+00
1.242732e-03         0.000000e+00
1.234051e-03         0.000000e+00
1.225430e-03         0.000000e+00
1.216870e-03         0.000000e+00
1.208370e-03         0.000000e+00
1.199928e-03         0.000000e+00
1.191546e-03         0.000000e+00
1.183223e-03         0.000000e+00
1.174957e-03         0.000000e+00
1.166749e-03         0.000000e+00
1.158599e-03         0.000000e+00
1.150506e-03         0.000000e+00
1.142469e-03         0.000000e+00
1.134488e-03         0.000000e+00
1.126563e-03         0.000000e+00
1.118693e-03         0.000000e+00
1.110878e-03         0.000000e+00
1.103118e-03         0.000000e+00
1.095412e-03         0.000000e+00
1.087760e-03         0.000000e+00
1.080162e-03         0.000000e+00
1.072616e-03         0.000000e+00
1.065123e-03         0.000000e+00
1.057683e-03         0.000000e+00
1.050294e-03         0.000000e+00
1.042958e-03         0.000000e+00
1.035672e-03         0.000000e+00
1.028437e-03         0.000000e+00
1.021253e-03         0.000000e+00
1.014119e-03         0.000000e+00
1.007035e-03         0.000000e+00
1.000000e-03         0.000000e+00
