    # BLOCK:          ACTUAL_TE:              TE_AVE:              ERROR:
           1        -3.960903e-01        -3.960903e-01         0.000000e+00
           2        -3.641866e-01        -3.801384e-01         1.127966e-02
           3        -4.248723e-01        -3.950497e-01         1.431006e-02
           4        -4.529724e-01        -4.095304e-01         1.650621e-02
           5        -4.528145e-01        -4.181872e-01         1.530764e-02
           6        -4.914895e-01        -4.304043e-01         1.694418e-02
           7        -4.505971e-01        -4.332890e-01         1.476709e-02
           8        -3.849837e-01        -4.272508e-01         1.410176e-02
           9        -4.570666e-01        -4.305637e-01         1.291817e-02
          10        -4.405310e-01        -4.315604e-01         1.166475e-02
          11        -4.888686e-01        -4.367702e-01         1.171010e-02
          12        -4.242643e-01        -4.357281e-01         1.078053e-02
          13        -4.487234e-01        -4.367277e-01         9.997500e-03
          14        -4.360422e-01        -4.366788e-01         9.283513e-03
          15        -4.111732e-01        -4.349784e-01         8.818957e-03
          16        -4.302182e-01        -4.346809e-01         8.272789e-03
          17        -4.588876e-01        -4.361048e-01         7.907749e-03
          18        -4.121791e-01        -4.347756e-01         7.579319e-03
          19        -5.062930e-01        -4.385397e-01         8.061067e-03
          20        -4.322519e-01        -4.382253e-01         7.664142e-03
          21        -4.045132e-01        -4.366199e-01         7.465418e-03
          22        -4.251040e-01        -4.360965e-01         7.144408e-03
          23        -4.691265e-01        -4.375326e-01         6.976622e-03
          24        -5.253333e-01        -4.411909e-01         7.584696e-03
          25        -3.947165e-01        -4.393320e-01         7.505666e-03
          26        -4.706232e-01        -4.405355e-01         7.312839e-03
          27        -4.282015e-01        -4.400787e-01         7.056247e-03
          28        -4.337030e-01        -4.398510e-01         6.807911e-03
          29        -4.578306e-01        -4.404709e-01         6.601326e-03
          30        -4.088869e-01        -4.394181e-01         6.464688e-03
          31        -4.137163e-01        -4.385891e-01         6.309091e-03
          32        -5.128914e-01        -4.409110e-01         6.525234e-03
          33        -4.467156e-01        -4.410869e-01         6.329870e-03
          34        -4.250608e-01        -4.406155e-01         6.161222e-03
          35        -4.536996e-01        -4.409894e-01         5.996517e-03
          36        -4.897072e-01        -4.423426e-01         5.980700e-03
          37        -4.675551e-01        -4.430241e-01         5.857750e-03
          38        -4.951795e-01        -4.443966e-01         5.862188e-03
          39        -4.439784e-01        -4.443859e-01         5.711885e-03
          40        -4.876619e-01        -4.454678e-01         5.670625e-03
          41        -3.997513e-01        -4.443527e-01         5.640879e-03
          42        -4.686196e-01        -4.449305e-01         5.536084e-03
          43        -4.435585e-01        -4.448986e-01         5.407429e-03
          44        -4.644677e-01        -4.453434e-01         5.302792e-03
          45        -5.230345e-01        -4.470698e-01         5.458771e-03
          46        -4.644936e-01        -4.474486e-01         5.353228e-03
          47        -4.771029e-01        -4.480795e-01         5.276380e-03
          48        -4.818443e-01        -4.487830e-01         5.213135e-03
          49        -4.347427e-01        -4.484964e-01         5.114613e-03
          50        -4.594491e-01        -4.487155e-01         5.017009e-03
          51        -4.767589e-01        -4.492654e-01         4.948678e-03
          52        -4.487262e-01        -4.492550e-01         4.853522e-03
          53        -4.303501e-01        -4.488983e-01         4.775035e-03
          54        -3.944678e-01        -4.478903e-01         4.791815e-03
          55        -4.763653e-01        -4.484080e-01         4.732577e-03
          56        -4.691547e-01        -4.487785e-01         4.662545e-03
          57        -4.414762e-01        -4.486504e-01         4.582506e-03
          58        -4.907076e-01        -4.493755e-01         4.560507e-03
          59        -4.722656e-01        -4.497635e-01         4.499683e-03
          60        -4.886770e-01        -4.504121e-01         4.471184e-03
          61        -4.462432e-01        -4.503437e-01         4.398408e-03
          62        -4.477423e-01        -4.503018e-01         4.327666e-03
          63        -4.644037e-01        -4.505256e-01         4.264758e-03
          64        -4.696161e-01        -4.508239e-01         4.208539e-03
          65        -4.570969e-01        -4.509204e-01         4.144899e-03
          66        -4.197006e-01        -4.504474e-01         4.109000e-03
          67        -2.965079e-01        -4.481498e-01         4.645842e-03
          68        -4.576988e-01        -4.482902e-01         4.579642e-03
          69        -4.500158e-01        -4.483152e-01         4.513339e-03
          70        -4.765796e-01        -4.487190e-01         4.466888e-03
          71        -4.333450e-01        -4.485024e-01         4.409219e-03
          72        -4.780665e-01        -4.489131e-01         4.367057e-03
          73        -4.129142e-01        -4.484199e-01         4.334988e-03
          74        -4.710659e-01        -4.487260e-01         4.287195e-03
          75        -4.875212e-01        -4.492432e-01         4.261124e-03
          76        -2.671271e-01        -4.468470e-01         4.832084e-03
          77        -3.159427e-01        -4.451469e-01         5.059561e-03
          78        -4.291198e-01        -4.449414e-01         4.998865e-03
          79        -4.356732e-01        -4.448241e-01         4.936965e-03
          80        -4.258565e-01        -4.445870e-01         4.880943e-03
          81        -3.762609e-01        -4.437435e-01         4.893031e-03
          82        -4.448632e-01        -4.437571e-01         4.833379e-03
          83        -4.553986e-01        -4.438974e-01         4.777181e-03
          84        -4.481711e-01        -4.439483e-01         4.720580e-03
          85        -4.700159e-01        -4.442549e-01         4.674995e-03
          86        -4.479566e-01        -4.442980e-01         4.620833e-03
          87        -4.185805e-01        -4.440024e-01         4.577165e-03
          88        -5.253223e-01        -4.449265e-01         4.617493e-03
          89        -4.930868e-01        -4.454676e-01         4.597209e-03
          90        -4.762064e-01        -4.458091e-01         4.558798e-03
          91        -3.658307e-01        -4.449303e-01         4.592640e-03
          92        -4.682624e-01        -4.451839e-01         4.549717e-03
          93        -4.658989e-01        -4.454066e-01         4.506244e-03
          94        -4.534492e-01        -4.454922e-01         4.459118e-03
          95        -4.704610e-01        -4.457550e-01         4.419919e-03
          96        -5.010275e-01        -4.463308e-01         4.411218e-03
          97        -4.857335e-01        -4.467370e-01         4.384405e-03
          98        -4.615536e-01        -4.468882e-01         4.342273e-03
          99        -4.041875e-01        -4.464568e-01         4.319780e-03
         100        -3.430151e-01        -4.454224e-01         4.398690e-03
         101        -4.955847e-01        -4.459191e-01         4.383088e-03
         102        -4.879994e-01        -4.463316e-01         4.359488e-03
         103        -4.938907e-01        -4.467934e-01         4.341547e-03
         104        -4.660560e-01        -4.469786e-01         4.303750e-03
         105        -4.240501e-01        -4.467602e-01         4.268298e-03
         106        -4.922331e-01        -4.471892e-01         4.249535e-03
         107        -4.150296e-01        -4.468887e-01         4.220435e-03
         108        -4.863874e-01        -4.472544e-01         4.197173e-03
         109        -3.904204e-01        -4.467330e-01         4.190929e-03
         110        -4.616892e-01        -4.468689e-01         4.155035e-03
         111        -4.662238e-01        -4.470433e-01         4.121259e-03
         112        -3.881819e-01        -4.465178e-01         4.117835e-03
         113        -4.635107e-01        -4.466681e-01         4.084139e-03
         114        -4.240383e-01        -4.464696e-01         4.053135e-03
         115        -4.761222e-01        -4.467275e-01         4.026084e-03
         116        -4.996999e-01        -4.471841e-01         4.017191e-03
         117        -3.433861e-01        -4.462970e-01         4.079641e-03
         118        -3.307712e-01        -4.453179e-01         4.160884e-03
         119        -4.405802e-01        -4.452781e-01         4.126109e-03
         120        -4.788644e-01        -4.455580e-01         4.101206e-03
         121        -4.791727e-01        -4.458358e-01         4.076710e-03
         122        -3.982288e-01        -4.454456e-01         4.061928e-03
         123        -4.539329e-01        -4.455146e-01         4.029490e-03
         124        -3.575980e-01        -4.448056e-01         4.058891e-03
         125        -4.450024e-01        -4.448072e-01         4.026420e-03
         126        -4.289044e-01        -4.446810e-01         3.996442e-03
         127        -3.917988e-01        -4.442646e-01         3.986607e-03
         128        -4.844118e-01        -4.445782e-01         3.967781e-03
         129        -4.032907e-01        -4.442582e-01         3.949911e-03
         130        -4.478773e-01        -4.442860e-01         3.919625e-03
         131        -4.029029e-01        -4.439701e-01         3.902413e-03
         132        -4.865359e-01        -4.442926e-01         3.886150e-03
         133        -4.529908e-01        -4.443580e-01         3.857481e-03
         134        -4.750325e-01        -4.445869e-01         3.835480e-03
         135        -4.776071e-01        -4.448315e-01         3.814860e-03
         136        -4.534189e-01        -4.448946e-01         3.787332e-03
         137        -4.766357e-01        -4.451263e-01         3.766768e-03
         138        -5.215170e-01        -4.456799e-01         3.779928e-03
         139        -4.641826e-01        -4.458130e-01         3.755077e-03
         140        -4.400217e-01        -4.457716e-01         3.728483e-03
         141        -4.655733e-01        -4.459120e-01         3.704684e-03
         142        -4.858868e-01        -4.461936e-01         3.689275e-03
         143        -4.431940e-01        -4.461726e-01         3.663535e-03
         144        -3.027458e-01        -4.451766e-01         3.771060e-03
         145        -4.798967e-01        -4.454160e-01         3.752647e-03
         146        -4.709432e-01        -4.455909e-01         3.731015e-03
         147        -4.567138e-01        -4.456665e-01         3.706401e-03
         148        -5.416270e-01        -4.463149e-01         3.737640e-03
         149        -4.254176e-01        -4.461746e-01         3.715186e-03
         150        -4.901976e-01        -4.464681e-01         3.701992e-03
         151        -4.043191e-01        -4.461890e-01         3.687984e-03
         152        -4.503675e-01        -4.462165e-01         3.663823e-03
         153        -4.494252e-01        -4.462375e-01         3.639937e-03
         154        -3.817018e-01        -4.458184e-01         3.640344e-03
         155        -3.060720e-01        -4.449168e-01         3.726833e-03
         156        -4.141074e-01        -4.447193e-01         3.708172e-03
         157        -4.440076e-01        -4.447148e-01         3.684556e-03
         158        -3.971177e-01        -4.444135e-01         3.673530e-03
         159        -3.601800e-01        -4.438838e-01         3.688428e-03
         160        -4.817322e-01        -4.441203e-01         3.672953e-03
         161        -4.539657e-01        -4.441815e-01         3.650649e-03
         162        -3.405190e-01        -4.435416e-01         3.683768e-03
         163        -4.661140e-01        -4.436801e-01         3.663770e-03
         164        -4.959723e-01        -4.439989e-01         3.655278e-03
         165        -4.593286e-01        -4.440918e-01         3.634306e-03
         166        -4.900436e-01        -4.443686e-01         3.622939e-03
         167        -4.363668e-01        -4.443207e-01         3.601562e-03
         168        -4.704345e-01        -4.444762e-01         3.583477e-03
         169        -4.723729e-01        -4.446412e-01         3.566073e-03
         170        -4.104650e-01        -4.444402e-01         3.550758e-03
         171        -4.849873e-01        -4.446773e-01         3.537902e-03
         172        -5.039908e-01        -4.450222e-01         3.534099e-03
         173        -4.473360e-01        -4.450355e-01         3.513696e-03
         174        -3.724138e-01        -4.446182e-01         3.518203e-03
         175        -4.711685e-01        -4.447699e-01         3.501369e-03
         176        -4.358429e-01        -4.447192e-01         3.481842e-03
         177        -4.132785e-01        -4.445415e-01         3.466698e-03
         178        -4.977002e-01        -4.448402e-01         3.460062e-03
         179        -2.583411e-01        -4.437983e-01         3.594178e-03
         180        -4.518967e-01        -4.438433e-01         3.574492e-03
         181        -4.444981e-01        -4.438469e-01         3.554746e-03
         182        -4.423949e-01        -4.438389e-01         3.535223e-03
         183        -4.736038e-01        -4.440016e-01         3.519644e-03
         184        -4.816016e-01        -4.442059e-01         3.506443e-03
         185        -4.698792e-01        -4.443447e-01         3.490234e-03
         186        -3.628332e-01        -4.439065e-01         3.498874e-03
         187        -4.739996e-01        -4.440674e-01         3.483862e-03
         188        -4.411335e-01        -4.440518e-01         3.465366e-03
         189        -3.892193e-01        -4.437617e-01         3.459154e-03
         190        -4.484550e-01        -4.437864e-01         3.441036e-03
         191        -4.021527e-01        -4.435684e-01         3.429917e-03
         192        -4.027110e-01        -4.433556e-01         3.418648e-03
         193        -4.520911e-01        -4.434008e-01         3.401234e-03
         194        -4.574473e-01        -4.434732e-01         3.384472e-03
         195        -4.378826e-01        -4.434446e-01         3.367238e-03
         196        -3.825907e-01        -4.431341e-01         3.364341e-03
         197        -4.333425e-01        -4.430844e-01         3.347631e-03
         198        -3.451911e-01        -4.425900e-01         3.367035e-03
         199        -4.746032e-01        -4.427509e-01         3.353956e-03
         200        -4.408475e-01        -4.427413e-01         3.337200e-03
         201        -4.388502e-01        -4.427220e-01         3.320653e-03
         202        -3.751881e-01        -4.423877e-01         3.321002e-03
         203        -4.189249e-01        -4.422721e-01         3.306653e-03
         204        -4.502365e-01        -4.423111e-01         3.290674e-03
         205        -4.385457e-01        -4.422927e-01         3.274673e-03
         206        -4.688244e-01        -4.424215e-01         3.261309e-03
         207        -4.803756e-01        -4.426049e-01         3.250703e-03
         208        -4.174552e-01        -4.424840e-01         3.237323e-03
         209        -4.491933e-01        -4.425161e-01         3.221993e-03
         210        -4.966867e-01        -4.427740e-01         3.216959e-03
         211        -4.811896e-01        -4.429561e-01         3.206861e-03
         212        -4.401120e-01        -4.429427e-01         3.191762e-03
         213        -4.520575e-01        -4.429855e-01         3.177064e-03
         214        -4.735894e-01        -4.431285e-01         3.165435e-03
         215        -4.599953e-01        -4.432069e-01         3.151684e-03
         216        -4.601569e-01        -4.432854e-01         3.138070e-03
         217        -4.604241e-01        -4.433644e-01         3.124602e-03
         218        -4.841509e-01        -4.435515e-01         3.115866e-03
         219        -4.665345e-01        -4.436564e-01         3.103405e-03
         220        -4.963778e-01        -4.438961e-01         3.098537e-03
         221        -4.769715e-01        -4.440457e-01         3.088129e-03
         222        -4.513573e-01        -4.440787e-01         3.074394e-03
         223        -4.711987e-01        -4.442003e-01         3.063012e-03
         224        -4.917170e-01        -4.444124e-01         3.056674e-03
         225        -4.571571e-01        -4.444691e-01         3.043614e-03
         226        -4.971873e-01        -4.447023e-01         3.039072e-03
         227        -4.665501e-01        -4.447986e-01         3.027208e-03
         228        -4.378353e-01        -4.447680e-01         3.014085e-03
         229        -3.832696e-01        -4.444995e-01         3.012863e-03
         230        -4.730164e-01        -4.446235e-01         3.002314e-03
         231        -4.420924e-01        -4.446125e-01         2.989337e-03
         232        -4.858486e-01        -4.447902e-01         2.981731e-03
         233        -4.555309e-01        -4.448363e-01         2.969290e-03
         234        -4.960833e-01        -4.450553e-01         2.964666e-03
         235        -4.373272e-01        -4.450225e-01         2.952233e-03
         236        -4.612517e-01        -4.450912e-01         2.940525e-03
         237        -4.687678e-01        -4.451911e-01         2.929814e-03
         238        -4.786995e-01        -4.453319e-01         2.920885e-03
         239        -4.136353e-01        -4.451993e-01         2.911673e-03
         240        -4.726920e-01        -4.453139e-01         2.901793e-03
         241        -4.343533e-01        -4.452684e-01         2.890109e-03
         242        -4.424503e-01        -4.452567e-01         2.878190e-03
         243        -5.142232e-01        -4.455405e-01         2.880304e-03
         244        -4.051940e-01        -4.453752e-01         2.873242e-03
         245        -4.263160e-01        -4.452974e-01         2.862568e-03
         246        -4.934876e-01        -4.454933e-01         2.857626e-03
         247        -4.382246e-01        -4.454639e-01         2.846209e-03
         248        -4.840545e-01        -4.456195e-01         2.838982e-03
         249        -4.307300e-01        -4.455597e-01         2.828211e-03
         250        -4.394475e-01        -4.455352e-01         2.817003e-03
         251        -4.352993e-01        -4.454944e-01         2.806075e-03
         252        -4.844769e-01        -4.456491e-01         2.799201e-03
         253        -4.897704e-01        -4.458235e-01         2.793564e-03
         254        -4.414116e-01        -4.458062e-01         2.782620e-03
         255        -4.654515e-01        -4.458832e-01         2.772774e-03
         256        -4.162952e-01        -4.457676e-01         2.764350e-03
         257        -4.713158e-01        -4.458670e-01         2.755381e-03
         258        -4.556151e-01        -4.459048e-01         2.744960e-03
         259        -3.797191e-01        -4.456493e-01         2.746231e-03
         260        -3.283100e-01        -4.451980e-01         2.772504e-03
         261        -4.486903e-01        -4.452113e-01         2.761913e-03
         262        -4.676020e-01        -4.452968e-01         2.752693e-03
         263        -4.652718e-01        -4.453728e-01         2.743274e-03
         264        -1.452348e-01        -4.442359e-01         2.959099e-03
         265        -4.636536e-01        -4.443091e-01         2.948839e-03
         266        -4.450059e-01        -4.443118e-01         2.937755e-03
         267        -4.304371e-01        -4.442598e-01         2.927212e-03
         268        -4.500680e-01        -4.442815e-01         2.916369e-03
         269        -4.760657e-01        -4.443996e-01         2.907920e-03
         270        -4.142987e-01        -4.442881e-01         2.899287e-03
         271        -4.135925e-01        -4.441749e-01         2.890800e-03
         272        -4.431998e-01        -4.441713e-01         2.880174e-03
         273        -3.888465e-01        -4.439686e-01         2.876745e-03
         274        -4.503161e-01        -4.439918e-01         2.866339e-03
         275        -4.905911e-01        -4.441613e-01         2.860920e-03
         276        -4.464044e-01        -4.441694e-01         2.850566e-03
         277        -4.683608e-01        -4.442567e-01         2.841613e-03
         278        -4.261472e-01        -4.441916e-01         2.832138e-03
         279        -4.626976e-01        -4.442579e-01         2.822763e-03
         280        -4.542100e-01        -4.442934e-01         2.812906e-03
         281        -4.646228e-01        -4.443658e-01         2.803826e-03
         282        -4.429872e-01        -4.443609e-01         2.793887e-03
         283        -4.934261e-01        -4.445343e-01         2.789389e-03
         284        -4.538560e-01        -4.445671e-01         2.779761e-03
         285        -4.762909e-01        -4.446784e-01         2.772235e-03
         286        -3.088969e-01        -4.442037e-01         2.802900e-03
         287        -4.695807e-01        -4.442921e-01         2.794528e-03
         288        -4.487134e-01        -4.443074e-01         2.784867e-03
         289        -4.889193e-01        -4.444618e-01         2.779505e-03
         290        -4.335200e-01        -4.444241e-01         2.770177e-03
         291        -4.311131e-01        -4.443783e-01         2.761035e-03
         292        -4.276035e-01        -4.443209e-01         2.752177e-03
         293        -4.603434e-01        -4.443756e-01         2.743327e-03
         294        -4.959124e-01        -4.445509e-01         2.739591e-03
         295        -3.597147e-01        -4.442633e-01         2.745357e-03
         296        -4.476949e-01        -4.442749e-01         2.736106e-03
         297        -4.649878e-01        -4.443446e-01         2.727783e-03
         298        -4.550530e-01        -4.443805e-01         2.718866e-03
         299        -4.508510e-01        -4.444022e-01         2.709858e-03
         300        -4.311341e-01        -4.443580e-01         2.701187e-03
         301        -4.569858e-01        -4.443999e-01         2.692538e-03
         302        -4.204932e-01        -4.443207e-01         2.684786e-03
         303        -4.258409e-01        -4.442598e-01         2.676618e-03
         304        -4.455548e-01        -4.442640e-01         2.667817e-03
         305        -4.525042e-01        -4.442910e-01         2.659207e-03
         306        -4.784852e-01        -4.444028e-01         2.652863e-03
         307        -4.708167e-01        -4.444888e-01         2.645617e-03
         308        -4.037536e-01        -4.443566e-01         2.640331e-03
         309        -4.279946e-01        -4.443036e-01         2.632317e-03
         310        -4.030959e-01        -4.441707e-01         2.627180e-03
         311        -4.591274e-01        -4.442188e-01         2.619173e-03
         312        -4.281295e-01        -4.441672e-01         2.611285e-03
         313        -4.117889e-01        -4.440638e-01         2.604991e-03
         314        -4.796434e-01        -4.441771e-01         2.599158e-03
         315        -4.504438e-01        -4.441970e-01         2.590983e-03
         316        -4.949921e-01        -4.443577e-01         2.587765e-03
         317        -4.779304e-01        -4.444636e-01         2.581768e-03
         318        -3.983070e-01        -4.443185e-01         2.577726e-03
         319        -4.326823e-01        -4.442820e-01         2.569903e-03
         320        -4.698516e-01        -4.443619e-01         2.563114e-03
         321        -3.440144e-01        -4.440493e-01         2.574123e-03
         322        -4.966830e-01        -4.442127e-01         2.571313e-03
         323        -4.446943e-01        -4.442142e-01         2.563353e-03
         324        -3.791404e-01        -4.440134e-01         2.563297e-03
         325        -4.082506e-01        -4.439034e-01         2.557771e-03
         326        -4.131837e-01        -4.438091e-01         2.551660e-03
         327        -4.865449e-01        -4.439398e-01         2.547202e-03
         328        -4.431638e-01        -4.439374e-01         2.539437e-03
         329        -4.586400e-01        -4.439821e-01         2.532112e-03
         330        -5.260890e-01        -4.442309e-01         2.536633e-03
         331        -4.871850e-01        -4.443607e-01         2.532287e-03
         332        -4.836468e-01        -4.444790e-01         2.527423e-03
         333        -4.971059e-01        -4.446371e-01         2.524769e-03
         334        -4.134019e-01        -4.445436e-01         2.518941e-03
         335        -4.624778e-01        -4.445971e-01         2.511991e-03
         336        -4.278790e-01        -4.445473e-01         2.505008e-03
         337        -4.533934e-01        -4.445736e-01         2.497712e-03
         338        -3.771753e-01        -4.443742e-01         2.498269e-03
         339        -4.809527e-01        -4.444821e-01         2.493229e-03
         340        -4.468140e-01        -4.444890e-01         2.485905e-03
         341        -4.756982e-01        -4.445805e-01         2.480299e-03
         342        -4.891486e-01        -4.447108e-01         2.476468e-03
         343        -4.465943e-01        -4.447163e-01         2.469254e-03
         344        -4.155538e-01        -4.446315e-01         2.463531e-03
         345        -3.672440e-01        -4.444072e-01         2.466581e-03
         346        -4.299016e-01        -4.443653e-01         2.459808e-03
         347        -4.973869e-01        -4.445181e-01         2.457461e-03
         348        -4.521521e-01        -4.445400e-01         2.450497e-03
         349        -4.722323e-01        -4.446194e-01         2.444760e-03
         350        -4.760112e-01        -4.447090e-01         2.439420e-03
         351        -4.646629e-01        -4.447659e-01         2.433132e-03
         352        -4.519309e-01        -4.447862e-01         2.426305e-03
         353        -4.694255e-01        -4.448560e-01         2.420435e-03
         354        -4.653114e-01        -4.449138e-01         2.414288e-03
         355        -4.703569e-01        -4.449855e-01         2.408550e-03
         356        -4.846624e-01        -4.450970e-01         2.404362e-03
         357        -4.762954e-01        -4.451843e-01         2.399215e-03
         358        -4.257037e-01        -4.451299e-01         2.393130e-03
         359        -3.996352e-01        -4.450032e-01         2.389817e-03
         360        -4.055108e-01        -4.448935e-01         2.385695e-03
         361        -3.711759e-01        -4.446893e-01         2.387810e-03
         362        -4.570461e-01        -4.447234e-01         2.381458e-03
         363        -4.841692e-01        -4.448321e-01         2.377375e-03
         364        -4.269200e-01        -4.447829e-01         2.371353e-03
         365        -4.609463e-01        -4.448272e-01         2.365270e-03
         366        -4.248286e-01        -4.447725e-01         2.359438e-03
         367        -4.088950e-01        -4.446748e-01         2.355034e-03
         368        -4.596402e-01        -4.447154e-01         2.348985e-03
         369        -5.073881e-01        -4.448853e-01         2.348752e-03
         370        -2.815642e-01        -4.444439e-01         2.383521e-03
         371        -4.518712e-01        -4.444639e-01         2.377180e-03
         372        -3.700859e-01        -4.442640e-01         2.379183e-03
         373        -4.733857e-01        -4.443420e-01         2.374085e-03
         374        -3.051941e-01        -4.439700e-01         2.396713e-03
         375        -4.689873e-01        -4.440367e-01         2.391250e-03
         376        -4.580116e-01        -4.440739e-01         2.385180e-03
         377        -4.348739e-01        -4.440495e-01         2.378978e-03
         378        -5.097444e-01        -4.442233e-01         2.379024e-03
         379        -4.322744e-01        -4.441917e-01         2.372956e-03
         380        -4.895342e-01        -4.443110e-01         2.369709e-03
         381        -4.193826e-01        -4.442456e-01         2.364393e-03
         382        -4.172439e-01        -4.441749e-01         2.359259e-03
         383        -4.577509e-01        -4.442104e-01         2.353366e-03
         384        -4.646252e-01        -4.442635e-01         2.347838e-03
         385        -4.171721e-01        -4.441932e-01         2.342794e-03
         386        -4.128728e-01        -4.441120e-01         2.338129e-03
         387        -4.587950e-01        -4.441500e-01         2.332395e-03
         388        -4.890245e-01        -4.442656e-01         2.329249e-03
         389        -4.317184e-01        -4.442334e-01         2.323485e-03
         390        -4.319632e-01        -4.442019e-01         2.317740e-03
         391        -4.506171e-01        -4.442183e-01         2.311871e-03
         392        -4.528921e-01        -4.442404e-01         2.306079e-03
         393        -5.016141e-01        -4.443864e-01         2.304827e-03
         394        -4.638705e-01        -4.444359e-01         2.299508e-03
         395        -4.913650e-01        -4.445547e-01         2.296754e-03
         396        -4.362625e-01        -4.445338e-01         2.291049e-03
         397        -4.462838e-01        -4.445382e-01         2.285283e-03
         398        -4.528726e-01        -4.445591e-01         2.279637e-03
         399        -3.834578e-01        -4.444060e-01         2.279061e-03
         400        -4.615550e-01        -4.444488e-01         2.273767e-03
         401        -4.754291e-01        -4.445261e-01         2.269408e-03
         402        -4.315791e-01        -4.444939e-01         2.263992e-03
         403        -4.470978e-01        -4.445004e-01         2.258383e-03
         404        -4.545569e-01        -4.445252e-01         2.252930e-03
         405        -4.849942e-01        -4.446252e-01         2.249582e-03
         406        -4.526876e-01        -4.446450e-01         2.244129e-03
         407        -4.131552e-01        -4.445677e-01         2.239949e-03
         408        -4.137818e-01        -4.444922e-01         2.235729e-03
         409        -4.767563e-01        -4.445711e-01         2.231654e-03
         410        -4.590043e-01        -4.446063e-01         2.226489e-03
         411        -3.778504e-01        -4.444439e-01         2.226988e-03
         412        -4.354470e-01        -4.444220e-01         2.221690e-03
         413        -5.185914e-01        -4.446016e-01         2.223557e-03
         414        -3.411451e-01        -4.443517e-01         2.232184e-03
         415        -4.054842e-01        -4.442581e-01         2.228769e-03
         416        -4.432100e-01        -4.442555e-01         2.223413e-03
         417        -4.804916e-01        -4.443424e-01         2.219778e-03
         418        -3.917722e-01        -4.442167e-01         2.218028e-03
         419        -4.477944e-01        -4.442252e-01         2.212751e-03
         420        -4.518111e-01        -4.442433e-01         2.207556e-03
         421        -4.325762e-01        -4.442156e-01         2.202486e-03
         422        -4.791586e-01        -4.442984e-01         2.198823e-03
         423        -5.005040e-01        -4.444312e-01         2.197636e-03
         424        -4.765599e-01        -4.445070e-01         2.193759e-03
         425        -4.288301e-01        -4.444701e-01         2.188907e-03
         426        -4.884273e-01        -4.445733e-01         2.186200e-03
         427        -1.887589e-01        -4.439742e-01         2.261677e-03
         428        -5.530513e-01        -4.442291e-01         2.270707e-03
         429        -4.354016e-01        -4.442085e-01         2.265507e-03
         430        -4.339810e-01        -4.441847e-01         2.260363e-03
         431        -4.573634e-01        -4.442153e-01         2.255325e-03
         432        -4.337516e-01        -4.441911e-01         2.250235e-03
         433        -4.480359e-01        -4.441999e-01         2.245055e-03
         434        -4.534975e-01        -4.442214e-01         2.239985e-03
         435        -2.690486e-01        -4.438187e-01         2.270744e-03
         436        -4.224372e-01        -4.437696e-01         2.266066e-03
         437        -4.569808e-01        -4.437999e-01         2.261082e-03
         438        -4.707085e-01        -4.438613e-01         2.256754e-03
         439        -4.702450e-01        -4.439214e-01         2.252414e-03
         440        -4.343637e-01        -4.438997e-01         2.247399e-03
         441        -4.346323e-01        -4.438787e-01         2.242401e-03
         442        -5.133748e-01        -4.440359e-01         2.242833e-03
         443        -4.732595e-01        -4.441019e-01         2.238741e-03
         444        -4.137538e-01        -4.440335e-01         2.234742e-03
         445        -5.017795e-01        -4.441633e-01         2.233484e-03
         446        -4.218981e-01        -4.441134e-01         2.229034e-03
         447        -4.649841e-01        -4.441600e-01         2.224536e-03
         448        -4.895154e-01        -4.442613e-01         2.221873e-03
         449        -4.304474e-01        -4.442305e-01         2.217138e-03
         450        -4.186228e-01        -4.441736e-01         2.212941e-03
         451        -4.224571e-01        -4.441255e-01         2.208558e-03
         452        -5.019765e-01        -4.442534e-01         2.207378e-03
         453        -4.726328e-01        -4.443161e-01         2.203394e-03
         454        -4.537625e-01        -4.443369e-01         2.198638e-03
         455        -3.531814e-01        -4.441366e-01         2.202915e-03
         456        -4.591707e-01        -4.441695e-01         2.198331e-03
         457        -4.606751e-01        -4.442056e-01         2.193817e-03
         458        -4.661878e-01        -4.442536e-01         2.189552e-03
         459        -4.371298e-01        -4.442381e-01         2.184837e-03
         460        -4.581829e-01        -4.442684e-01         2.180297e-03
         461        -4.797524e-01        -4.443454e-01         2.176926e-03
         462        -4.102492e-01        -4.442716e-01         2.173465e-03
         463        -3.912186e-01        -4.441570e-01         2.171789e-03
         464        -4.742252e-01        -4.442218e-01         2.168075e-03
         465        -4.240479e-01        -4.441784e-01         2.163846e-03
         466        -4.638652e-01        -4.442207e-01         2.159615e-03
         467        -4.384228e-01        -4.442083e-01         2.155027e-03
         468        -3.829056e-01        -4.440773e-01         2.154399e-03
         469        -4.737811e-01        -4.441406e-01         2.150736e-03
         470        -4.746574e-01        -4.442055e-01         2.147140e-03
         471        -3.676376e-01        -4.440430e-01         2.148727e-03
         472        -4.465717e-01        -4.440483e-01         2.144181e-03
         473        -5.382296e-01        -4.442475e-01         2.148873e-03
         474        -3.345257e-01        -4.440160e-01         2.156771e-03
         475        -3.964323e-01        -4.439158e-01         2.154556e-03
         476        -4.323889e-01        -4.438916e-01         2.150166e-03
         477        -4.709509e-01        -4.439483e-01         2.146406e-03
         478        -4.123266e-01        -4.438822e-01         2.142935e-03
         479        -5.127522e-01        -4.440259e-01         2.143279e-03
         480        -5.165264e-01        -4.441770e-01         2.144130e-03
         481        -3.652677e-01        -4.440129e-01         2.145939e-03
         482        -2.692794e-01        -4.436504e-01         2.171891e-03
         483        -4.602864e-01        -4.436849e-01         2.167668e-03
         484        -4.418054e-01        -4.436810e-01         2.163192e-03
         485        -4.744050e-01        -4.437443e-01         2.159660e-03
         486        -4.726271e-01        -4.438037e-01         2.156033e-03
         487        -4.455906e-01        -4.438074e-01         2.151609e-03
         488        -4.358352e-01        -4.437911e-01         2.147262e-03
         489        -4.479737e-01        -4.437996e-01         2.142888e-03
         490        -4.313275e-01        -4.437742e-01         2.138666e-03
         491        -3.136042e-01        -4.435091e-01         2.150680e-03
         492        -4.040515e-01        -4.434289e-01         2.147803e-03
         493        -2.972057e-01        -4.431323e-01         2.163829e-03
         494        -4.251324e-01        -4.430958e-01         2.159755e-03
         495        -4.542418e-01        -4.431183e-01         2.155510e-03
         496        -4.654130e-01        -4.431633e-01         2.151632e-03
         497        -3.667909e-01        -4.430096e-01         2.152783e-03
         498        -4.317892e-01        -4.429871e-01         2.148579e-03
         499        -3.606466e-01        -4.428221e-01         2.150600e-03
         500        -4.455064e-01        -4.428275e-01         2.146305e-03
         501        -4.698029e-01        -4.428813e-01         2.142697e-03
         502        -3.875128e-01        -4.427710e-01         2.141265e-03
         503        -4.472364e-01        -4.427799e-01         2.137027e-03
         504        -4.391976e-01        -4.427728e-01         2.132798e-03
         505        -4.249484e-01        -4.427375e-01         2.128867e-03
         506        -4.671743e-01        -4.427858e-01         2.125207e-03
         507        -4.536045e-01        -4.428071e-01         2.121123e-03
         508        -5.005163e-01        -4.429207e-01         2.119987e-03
         509        -4.321879e-01        -4.428996e-01         2.115927e-03
         510        -4.686607e-01        -4.429501e-01         2.112381e-03
         511        -4.345559e-01        -4.429337e-01         2.108311e-03
         512        -4.140967e-01        -4.428774e-01         2.104945e-03
         513        -3.925687e-01        -4.427793e-01         2.103125e-03
         514        -4.253070e-01        -4.427453e-01         2.099308e-03
         515        -3.917458e-01        -4.426463e-01         2.097566e-03
         516        -4.326636e-01        -4.426270e-01         2.093591e-03
         517        -4.527943e-01        -4.426466e-01         2.089633e-03
         518        -4.138206e-01        -4.425910e-01         2.086340e-03
         519        -4.936384e-01        -4.426893e-01         2.084638e-03
         520        -4.417648e-01        -4.426876e-01         2.080629e-03
         521        -3.785075e-01        -4.425644e-01         2.080279e-03
         522        -4.355600e-01        -4.425509e-01         2.076337e-03
         523        -4.781421e-01        -4.426190e-01         2.073482e-03
         524        -4.548506e-01        -4.426423e-01         2.069657e-03
         525        -4.350838e-01        -4.426279e-01         2.065764e-03
         526        -4.843657e-01        -4.427073e-01         2.063361e-03
         527        -4.426911e-01        -4.427073e-01         2.059445e-03
         528        -4.956991e-01        -4.428076e-01         2.057989e-03
         529        -4.142721e-01        -4.427537e-01         2.054805e-03
         530        -4.471897e-01        -4.427621e-01         2.050945e-03
         531        -4.289286e-01        -4.427360e-01         2.047248e-03
         532        -3.999167e-01        -4.426555e-01         2.044982e-03
         533        -4.240858e-01        -4.426207e-01         2.041442e-03
         534        -4.199687e-01        -4.425783e-01         2.038060e-03
         535        -4.486009e-01        -4.425895e-01         2.034281e-03
         536        -4.212443e-01        -4.425497e-01         2.030876e-03
         537        -4.195185e-01        -4.425068e-01         2.027547e-03
         538        -4.223155e-01        -4.424693e-01         2.024125e-03
         539        -5.105683e-01        -4.425956e-01         2.024309e-03
         540        -4.959082e-01        -4.426943e-01         2.022967e-03
         541        -5.001377e-01        -4.428005e-01         2.022012e-03
         542        -4.352232e-01        -4.427865e-01         2.018329e-03
         543        -4.909878e-01        -4.428753e-01         2.016564e-03
         544        -5.071324e-01        -4.429934e-01         2.016313e-03
         545        -4.316165e-01        -4.429726e-01         2.012722e-03
         546        -4.433157e-01        -4.429732e-01         2.009035e-03
         547        -4.090044e-01        -4.429111e-01         2.006322e-03
         548        -4.482593e-01        -4.429208e-01         2.002685e-03
         549        -4.447569e-01        -4.429242e-01         1.999040e-03
         550        -4.440957e-01        -4.429263e-01         1.995406e-03
         551        -4.679418e-01        -4.429717e-01         1.992301e-03
         552        -4.801631e-01        -4.430391e-01         1.989831e-03
         553        -4.553001e-01        -4.430613e-01         1.986356e-03
         554        -4.641191e-01        -4.430993e-01         1.983134e-03
         555        -4.920837e-01        -4.431875e-01         1.981524e-03
         556        -4.404698e-01        -4.431826e-01         1.977966e-03
         557        -4.884875e-01        -4.432640e-01         1.976087e-03
         558        -4.792599e-01        -4.433285e-01         1.973598e-03
         559        -4.700585e-01        -4.433763e-01         1.970647e-03
         560        -4.544853e-01        -4.433961e-01         1.967227e-03
         561        -4.928658e-01        -4.434843e-01         1.965696e-03
         562        -4.844260e-01        -4.435572e-01         1.963548e-03
         563        -4.551234e-01        -4.435777e-01         1.960168e-03
         564        -4.399094e-01        -4.435712e-01         1.956703e-03
         565        -4.253873e-01        -4.435390e-01         1.953505e-03
         566        -4.239125e-01        -4.435044e-01         1.950361e-03
         567        -3.613637e-01        -4.433595e-01         1.952294e-03
         568        -4.877800e-01        -4.434377e-01         1.950423e-03
         569        -5.162630e-01        -4.435657e-01         1.951190e-03
         570        -4.091417e-01        -4.435053e-01         1.948701e-03
         571        -3.965377e-01        -4.434230e-01         1.947023e-03
         572        -4.311902e-01        -4.434016e-01         1.943737e-03
         573        -4.433761e-01        -4.434016e-01         1.940345e-03
         574        -4.512005e-01        -4.434152e-01         1.937012e-03
         575        -4.919506e-01        -4.434996e-01         1.935481e-03
         576        -4.442155e-01        -4.435008e-01         1.932122e-03
         577        -4.280942e-01        -4.434741e-01         1.928957e-03
         578        -4.330188e-01        -4.434561e-01         1.925705e-03
         579        -4.048710e-01        -4.433894e-01         1.923532e-03
         580        -4.276603e-01        -4.433623e-01         1.920407e-03
         581        -4.170183e-01        -4.433170e-01         1.917636e-03
         582        -5.005155e-01        -4.434152e-01         1.916858e-03
         583        -3.671177e-01        -4.432844e-01         1.918033e-03
         584        -4.230945e-01        -4.432498e-01         1.915060e-03
         585        -5.089581e-01        -4.433621e-01         1.915077e-03
         586        -4.725128e-01        -4.434119e-01         1.912455e-03
         587        -3.439904e-01        -4.432425e-01         1.916683e-03
         588        -4.356646e-01        -4.432296e-01         1.913466e-03
         589        -4.611237e-01        -4.432600e-01         1.910459e-03
         590        -4.711581e-01        -4.433073e-01         1.907806e-03
         591        -4.169285e-01        -4.432626e-01         1.905100e-03
         592        -4.292674e-01        -4.432390e-01         1.902028e-03
         593        -3.913671e-01        -4.431515e-01         1.900831e-03
         594        -4.154785e-01        -4.431049e-01         1.898202e-03
         595        -4.403975e-01        -4.431004e-01         1.895017e-03
         596        -4.059284e-01        -4.430380e-01         1.892864e-03
         597        -4.592287e-01        -4.430651e-01         1.889887e-03
         598        -4.629158e-01        -4.430983e-01         1.887019e-03
         599        -3.855126e-01        -4.430022e-01         1.886316e-03
         600        -3.522085e-01        -4.428509e-01         1.889232e-03
         601        -3.989241e-01        -4.427778e-01         1.887501e-03
         602        -4.382745e-01        -4.427703e-01         1.884381e-03
         603        -4.896510e-01        -4.428480e-01         1.882859e-03
         604        -4.659310e-01        -4.428863e-01         1.880130e-03
         605        -4.009600e-01        -4.428170e-01         1.878299e-03
         606        -4.750894e-01        -4.428702e-01         1.875954e-03
         607        -4.776892e-01        -4.429276e-01         1.873740e-03
         608        -4.036166e-01        -4.428629e-01         1.871774e-03
         609        -4.469666e-01        -4.428697e-01         1.868712e-03
         610        -3.978292e-01        -4.427958e-01         1.867107e-03
         611        -4.564218e-01        -4.428181e-01         1.864184e-03
         612        -4.504591e-01        -4.428306e-01         1.861180e-03
         613        -4.573736e-01        -4.428543e-01         1.858295e-03
         614        -4.543881e-01        -4.428731e-01         1.855363e-03
         615        -4.302617e-01        -4.428526e-01         1.852460e-03
         616        -4.938563e-01        -4.429354e-01         1.851302e-03
         617        -4.530064e-01        -4.429517e-01         1.848374e-03
         618        -5.023990e-01        -4.430479e-01         1.847884e-03
         619        -4.759436e-01        -4.431011e-01         1.845663e-03
         620        -4.420468e-01        -4.430994e-01         1.842687e-03
         621        -4.647858e-01        -4.431343e-01         1.840050e-03
         622        -4.282447e-01        -4.431103e-01         1.837248e-03
         623        -4.260112e-01        -4.430829e-01         1.834504e-03
         624        -4.685397e-01        -4.431237e-01         1.832017e-03
         625        -4.559691e-01        -4.431442e-01         1.829201e-03
         626        -5.023798e-01        -4.432389e-01         1.828725e-03
         627        -4.494399e-01        -4.432488e-01         1.825835e-03
         628        -4.721051e-01        -4.432947e-01         1.823506e-03
         629        -4.722617e-01        -4.433408e-01         1.821188e-03
         630        -4.544760e-01        -4.433584e-01         1.818383e-03
         631        -4.412619e-01        -4.433551e-01         1.815505e-03
         632        -4.344555e-01        -4.433410e-01         1.812687e-03
         633        -4.443959e-01        -4.433427e-01         1.809824e-03
         634        -5.017292e-01        -4.434348e-01         1.809311e-03
         635        -4.016097e-01        -4.433689e-01         1.807660e-03
         636        -4.002999e-01        -4.433012e-01         1.806086e-03
         637        -4.171837e-01        -4.432602e-01         1.803716e-03
         638        -4.268998e-01        -4.432346e-01         1.801071e-03
         639        -3.815749e-01        -4.431381e-01         1.800835e-03
         640        -4.466537e-01        -4.431436e-01         1.798030e-03
         641        -4.118031e-01        -4.430947e-01         1.795889e-03
         642        -4.478547e-01        -4.431021e-01         1.793107e-03
         643        -4.439257e-01        -4.431034e-01         1.790319e-03
         644        -4.390600e-01        -4.430971e-01         1.787550e-03
         645        -5.258006e-01        -4.432253e-01         1.789372e-03
         646        -4.042568e-01        -4.431650e-01         1.787618e-03
         647        -4.135410e-01        -4.431192e-01         1.785442e-03
         648        -4.194574e-01        -4.430827e-01         1.783060e-03
         649        -3.784253e-01        -4.429831e-01         1.783093e-03
         650        -4.389565e-01        -4.429769e-01         1.780361e-03
         651        -4.287605e-01        -4.429550e-01         1.777760e-03
         652        -4.586199e-01        -4.429791e-01         1.775196e-03
         653        -4.734279e-01        -4.430257e-01         1.773089e-03
         654        -4.290544e-01        -4.430043e-01         1.770507e-03
         655        -4.386621e-01        -4.429977e-01         1.767816e-03
         656        -4.573305e-01        -4.430195e-01         1.765256e-03
         657        -4.483512e-01        -4.430277e-01         1.762588e-03
         658        -4.234721e-01        -4.429979e-01         1.760160e-03
         659        -4.507301e-01        -4.430097e-01         1.757528e-03
         660        -4.354087e-01        -4.429982e-01         1.754903e-03
         661        -4.708776e-01        -4.430403e-01         1.752755e-03
         662        -4.595016e-01        -4.430652e-01         1.750284e-03
         663        -4.315469e-01        -4.430478e-01         1.747730e-03
         664        -4.769473e-01        -4.430989e-01         1.745843e-03
         665        -4.359129e-01        -4.430881e-01         1.743251e-03
         666        -4.376457e-01        -4.430799e-01         1.740653e-03
         667        -4.760258e-01        -4.431293e-01         1.738744e-03
         668        -3.606058e-01        -4.430058e-01         1.740524e-03
         669        -4.176308e-01        -4.429678e-01         1.738336e-03
         670        -4.567184e-01        -4.429883e-01         1.735863e-03
         671        -4.495234e-01        -4.429981e-01         1.733303e-03
         672        -3.762364e-01        -4.428987e-01         1.733568e-03
         673        -4.675294e-01        -4.429353e-01         1.731379e-03
         674        -4.724381e-01        -4.429791e-01         1.729363e-03
         675        -4.542672e-01        -4.429958e-01         1.726882e-03
         676        -4.787143e-01        -4.430487e-01         1.725136e-03
         677        -4.860196e-01        -4.431121e-01         1.723755e-03
         678        -4.267887e-01        -4.430881e-01         1.721380e-03
         679        -4.333453e-01        -4.430737e-01         1.718905e-03
         680        -4.749887e-01        -4.431207e-01         1.717018e-03
         681        -4.643825e-01        -4.431519e-01         1.714780e-03
         682        -4.631276e-01        -4.431812e-01         1.712516e-03
         683        -4.461727e-01        -4.431855e-01         1.710014e-03
         684        -4.873529e-01        -4.432501e-01         1.708733e-03
         685        -4.348759e-01        -4.432379e-01         1.706282e-03
         686        -4.317633e-01        -4.432212e-01         1.703877e-03
         687        -4.491568e-01        -4.432298e-01         1.701419e-03
         688        -4.529661e-01        -4.432440e-01         1.699005e-03
         689        -4.880504e-01        -4.433090e-01         1.697783e-03
         690        -4.273027e-01        -4.432858e-01         1.695481e-03
         691        -4.111071e-01        -4.432392e-01         1.693667e-03
         692        -2.492712e-01        -4.429589e-01         1.714257e-03
         693        -4.085289e-01        -4.429092e-01         1.712503e-03
         694        -4.564074e-01        -4.429287e-01         1.710146e-03
         695        -4.730467e-01        -4.429720e-01         1.708234e-03
         696        -4.482559e-01        -4.429796e-01         1.705797e-03
         697        -4.462328e-01        -4.429843e-01         1.703356e-03
         698        -4.404896e-01        -4.429807e-01         1.700919e-03
         699        -4.468054e-01        -4.429862e-01         1.698495e-03
         700        -3.990649e-01        -4.429234e-01         1.697227e-03
         701        -4.643510e-01        -4.429540e-01         1.695081e-03
         702        -4.523142e-01        -4.429673e-01         1.692719e-03
         703        -4.628322e-01        -4.429956e-01         1.690547e-03
         704        -5.127738e-01        -4.430947e-01         1.691048e-03
         705        -4.250794e-01        -4.430692e-01         1.688843e-03
         706        -4.128240e-01        -4.430263e-01         1.686994e-03
         707        -3.496804e-01        -4.428943e-01         1.689767e-03
         708        -4.569644e-01        -4.429142e-01         1.687497e-03
         709        -4.888198e-01        -4.429789e-01         1.686358e-03
         710        -3.972823e-01        -4.429145e-01         1.685211e-03
         711        -4.521771e-01        -4.429276e-01         1.682891e-03
         712        -4.099199e-01        -4.428812e-01         1.681166e-03
         713        -4.098431e-01        -4.428349e-01         1.679446e-03
         714        -3.771586e-01        -4.427429e-01         1.679611e-03
         715        -4.707227e-01        -4.427820e-01         1.677718e-03
         716        -4.385623e-01        -4.427761e-01         1.675385e-03
         717        -4.667116e-01        -4.428095e-01         1.673381e-03
         718        -4.299530e-01        -4.427916e-01         1.671146e-03
         719        -4.017446e-01        -4.427345e-01         1.669797e-03
         720        -4.882195e-01        -4.427977e-01         1.668672e-03
         721        -4.471881e-01        -4.428038e-01         1.666369e-03
         722        -3.982144e-01        -4.427420e-01         1.665205e-03
         723        -5.076606e-01        -4.428318e-01         1.665321e-03
         724        -4.252986e-01        -4.428076e-01         1.663197e-03
         725        -4.192721e-01        -4.427751e-01         1.661220e-03
         726        -4.475477e-01        -4.427817e-01         1.658944e-03
         727        -4.359931e-01        -4.427724e-01         1.656689e-03
         728        -4.188209e-01        -4.427395e-01         1.654740e-03
         729        -4.809300e-01        -4.427919e-01         1.653299e-03
         730        -4.386901e-01        -4.427862e-01         1.651044e-03
         731        -5.004296e-01        -4.428651e-01         1.650667e-03
         732        -4.863098e-01        -4.429244e-01         1.649479e-03
         733        -4.506906e-01        -4.429350e-01         1.647262e-03
         734        -4.944397e-01        -4.430052e-01         1.646512e-03
         735        -4.425598e-01        -4.430046e-01         1.644272e-03
         736        -4.546674e-01        -4.430205e-01         1.642114e-03
         737        -4.477667e-01        -4.430269e-01         1.639899e-03
         738        -4.241565e-01        -4.430013e-01         1.637876e-03
         739        -4.644422e-01        -4.430303e-01         1.635917e-03
         740        -4.804316e-01        -4.430809e-01         1.634487e-03
         741        -4.420542e-01        -4.430795e-01         1.632281e-03
         742        -4.494960e-01        -4.430881e-01         1.630104e-03
         743        -4.508346e-01        -4.430986e-01         1.627944e-03
         744        -5.155893e-01        -4.431960e-01         1.628669e-03
         745        -5.254282e-01        -4.433064e-01         1.630219e-03
         746        -4.047302e-01        -4.432547e-01         1.628853e-03
         747        -4.597235e-01        -4.432767e-01         1.626822e-03
         748        -4.638035e-01        -4.433042e-01         1.624879e-03
         749        -4.366894e-01        -4.432953e-01         1.622733e-03
         750        -4.646965e-01        -4.433239e-01         1.620820e-03
         751        -4.299580e-01        -4.433061e-01         1.618760e-03
         752        -4.197443e-01        -4.432747e-01         1.616911e-03
         753        -4.643045e-01        -4.433027e-01         1.615004e-03
         754        -4.973872e-01        -4.433744e-01         1.614455e-03
         755        -4.400897e-01        -4.433700e-01         1.612322e-03
         756        -3.786364e-01        -4.432844e-01         1.612462e-03
         757        -4.742213e-01        -4.433253e-01         1.610849e-03
         758        -3.947595e-01        -4.432612e-01         1.609998e-03
         759        -4.701111e-01        -4.432966e-01         1.608265e-03
         760        -4.774911e-01        -4.433416e-01         1.606778e-03
         761        -2.406834e-01        -4.430753e-01         1.626586e-03
         762        -4.580676e-01        -4.430949e-01         1.624570e-03
         763        -4.763733e-01        -4.431386e-01         1.623026e-03
         764        -4.611401e-01        -4.431621e-01         1.621073e-03
         765        -4.597796e-01        -4.431838e-01         1.619099e-03
         766        -3.500902e-01        -4.430623e-01         1.621541e-03
         767        -4.728948e-01        -4.431012e-01         1.619893e-03
         768        -4.252059e-01        -4.430779e-01         1.617951e-03
         769        -5.120607e-01        -4.431676e-01         1.618332e-03
         770        -4.277146e-01        -4.431475e-01         1.616355e-03
         771        -4.355508e-01        -4.431377e-01         1.614288e-03
         772        -4.937018e-01        -4.432032e-01         1.613525e-03
         773        -4.230098e-01        -4.431771e-01         1.611650e-03
         774        -3.892125e-01        -4.431073e-01         1.611075e-03
         775        -4.561846e-01        -4.431242e-01         1.609084e-03
         776        -4.486756e-01        -4.431314e-01         1.607027e-03
         777        -4.752474e-01        -4.431727e-01         1.605490e-03
         778        -4.258178e-01        -4.431504e-01         1.603581e-03
         779        -4.786430e-01        -4.431960e-01         1.602170e-03
         780        -4.986069e-01        -4.432670e-01         1.601690e-03
         781        -4.803905e-01        -4.433145e-01         1.600344e-03
         782        -4.560272e-01        -4.433308e-01         1.598380e-03
         783        -4.998328e-01        -4.434029e-01         1.597967e-03
         784        -4.730222e-01        -4.434407e-01         1.596375e-03
         785        -4.559230e-01        -4.434566e-01         1.594421e-03
         786        -4.242816e-01        -4.434322e-01         1.592579e-03
         787        -4.665703e-01        -4.434616e-01         1.590827e-03
         788        -4.236463e-01        -4.434365e-01         1.589007e-03
         789        -4.736918e-01        -4.434748e-01         1.587455e-03
         790        -4.366234e-01        -4.434662e-01         1.585470e-03
         791        -3.643559e-01        -4.433661e-01         1.586617e-03
         792        -4.286694e-01        -4.433476e-01         1.584722e-03
         793        -4.188683e-01        -4.433167e-01         1.583024e-03
         794        -4.639834e-01        -4.433427e-01         1.581244e-03
         795        -4.642599e-01        -4.433691e-01         1.579474e-03
         796        -4.968902e-01        -4.434363e-01         1.578920e-03
         797        -4.622006e-01        -4.434598e-01         1.577115e-03
         798        -4.854449e-01        -4.435125e-01         1.576016e-03
         799        -4.944336e-01        -4.435762e-01         1.575331e-03
         800        -3.791656e-01        -4.434957e-01         1.575418e-03
         801        -4.048505e-01        -4.434474e-01         1.574190e-03
         802        -4.720425e-01        -4.434831e-01         1.572631e-03
         803        -4.376583e-01        -4.434758e-01         1.570689e-03
         804        -4.508831e-01        -4.434850e-01         1.568763e-03
         805        -4.368893e-01        -4.434768e-01         1.566835e-03
         806        -2.688907e-01        -4.432602e-01         1.579793e-03
         807        -4.498387e-01        -4.432684e-01         1.577856e-03
         808        -4.520059e-01        -4.432792e-01         1.575941e-03
         809        -4.684054e-01        -4.433103e-01         1.574299e-03
         810        -4.435929e-01        -4.433106e-01         1.572355e-03
         811        -4.704588e-01        -4.433441e-01         1.570773e-03
         812        -5.161624e-01        -4.434338e-01         1.571396e-03
         813        -4.156749e-01        -4.433996e-01         1.569834e-03
         814        -4.532500e-01        -4.434117e-01         1.567952e-03
         815        -5.058359e-01        -4.434883e-01         1.567898e-03
         816        -4.399625e-01        -4.434840e-01         1.565983e-03
         817        -4.499356e-01        -4.434919e-01         1.564086e-03
         818        -4.444995e-01        -4.434931e-01         1.562174e-03
         819        -2.947956e-01        -4.433116e-01         1.570782e-03
         820        -4.879861e-01        -4.433660e-01         1.569811e-03
         821        -4.124745e-01        -4.433284e-01         1.568350e-03
         822        -3.519694e-01        -4.432173e-01         1.570375e-03
         823        -4.308109e-01        -4.432022e-01         1.568539e-03
         824        -4.717481e-01        -4.432368e-01         1.567018e-03
         825        -4.508272e-01        -4.432460e-01         1.565146e-03
         826        -4.712046e-01        -4.432799e-01         1.563617e-03
         827        -4.973551e-01        -4.433453e-01         1.563093e-03
         828        -5.212871e-01        -4.434394e-01         1.564037e-03
         829        -4.431318e-01        -4.434390e-01         1.562150e-03
         830        -4.374589e-01        -4.434318e-01         1.560285e-03
         831        -4.411536e-01        -4.434291e-01         1.558409e-03
         832        -4.699222e-01        -4.434609e-01         1.556862e-03
         833        -4.543180e-01        -4.434740e-01         1.555047e-03
         834        -5.032266e-01        -4.435456e-01         1.554832e-03
         835        -3.498557e-01        -4.434334e-01         1.557013e-03
         836        -4.893143e-01        -4.434883e-01         1.556118e-03
         837        -4.377594e-01        -4.434815e-01         1.554274e-03
         838        -4.150727e-01        -4.434476e-01         1.552789e-03
         839        -4.682521e-01        -4.434771e-01         1.551219e-03
         840        -4.261941e-01        -4.434565e-01         1.549509e-03
         841        -4.531593e-01        -4.434681e-01         1.547710e-03
         842        -4.825673e-01        -4.435145e-01         1.546568e-03
         843        -4.337292e-01        -4.435029e-01         1.544777e-03
         844        -4.745999e-01        -4.435397e-01         1.543386e-03
         845        -3.621872e-01        -4.434435e-01         1.544559e-03
         846        -4.733330e-01        -4.434788e-01         1.543138e-03
         847        -4.934885e-01        -4.435378e-01         1.542445e-03
         848        -4.550140e-01        -4.435514e-01         1.540685e-03
         849        -4.136138e-01        -4.435161e-01         1.539274e-03
         850        -3.876979e-01        -4.434505e-01         1.538863e-03
         851        -4.515142e-01        -4.434599e-01         1.537084e-03
         852        -4.429535e-01        -4.434593e-01         1.535280e-03
         853        -4.435397e-01        -4.434594e-01         1.533480e-03
         854        -4.995819e-01        -4.435251e-01         1.533092e-03
         855        -4.420883e-01        -4.435235e-01         1.531300e-03
         856        -4.588336e-01        -4.435413e-01         1.529616e-03
         857        -3.660981e-01        -4.434510e-01         1.530498e-03
         858        -4.480287e-01        -4.434563e-01         1.528723e-03
         859        -4.451393e-01        -4.434583e-01         1.526945e-03
         860        -4.452946e-01        -4.434604e-01         1.525171e-03
         861        -4.960340e-01        -4.435215e-01         1.524621e-03
         862        -4.588372e-01        -4.435392e-01         1.522956e-03
         863        -4.840001e-01        -4.435861e-01         1.521913e-03
         864        -4.307007e-01        -4.435712e-01         1.520224e-03
         865        -4.094536e-01        -4.435318e-01         1.518978e-03
         866        -4.501848e-01        -4.435395e-01         1.517244e-03
         867        -3.880961e-01        -4.434755e-01         1.516841e-03
         868        -4.616319e-01        -4.434964e-01         1.515238e-03
         869        -4.241194e-01        -4.434741e-01         1.513658e-03
         870        -4.566863e-01        -4.434893e-01         1.511994e-03
         871        -4.116020e-01        -4.434527e-01         1.510702e-03
         872        -4.557849e-01        -4.434668e-01         1.509035e-03
         873        -4.746266e-01        -4.435025e-01         1.507729e-03
         874        -4.276797e-01        -4.434844e-01         1.506112e-03
         875        -4.851559e-01        -4.435321e-01         1.505144e-03
         876        -3.718576e-01        -4.434502e-01         1.505648e-03
         877        -4.513550e-01        -4.434592e-01         1.503958e-03
         878        -4.499845e-01        -4.434667e-01         1.502264e-03
         879        -4.370972e-01        -4.434594e-01         1.500572e-03
         880        -4.648772e-01        -4.434838e-01         1.499064e-03
         881        -4.038540e-01        -4.434388e-01         1.498037e-03
         882        -4.222233e-01        -4.434147e-01         1.496532e-03
         883        -4.677791e-01        -4.434423e-01         1.495092e-03
         884        -4.348892e-01        -4.434327e-01         1.493432e-03
         885        -4.208677e-01        -4.434072e-01         1.491962e-03
         886        -4.870394e-01        -4.434564e-01         1.491090e-03
         887        -4.353365e-01        -4.434472e-01         1.489437e-03
         888        -4.121100e-01        -4.434120e-01         1.488178e-03
         889        -4.606593e-01        -4.434314e-01         1.486631e-03
         890        -4.618245e-01        -4.434520e-01         1.485104e-03
         891        -4.468592e-01        -4.434558e-01         1.483442e-03
         892        -4.814431e-01        -4.434984e-01         1.482390e-03
         893        -3.487514e-01        -4.433923e-01         1.484522e-03
         894        -4.359976e-01        -4.433841e-01         1.482885e-03
         895        -4.510687e-01        -4.433927e-01         1.481253e-03
         896        -4.261902e-01        -4.433735e-01         1.479724e-03
         897        -4.247155e-01        -4.433527e-01         1.478220e-03
         898        -4.455200e-01        -4.433551e-01         1.476576e-03
         899        -4.471784e-01        -4.433593e-01         1.474940e-03
         900        -4.826776e-01        -4.434030e-01         1.473948e-03
         901        -4.744226e-01        -4.434374e-01         1.472714e-03
         902        -2.761011e-01        -4.432519e-01         1.482720e-03
         903        -4.519487e-01        -4.432615e-01         1.481109e-03
         904        -4.945609e-01        -4.433183e-01         1.480558e-03
         905        -4.469738e-01        -4.433223e-01         1.478927e-03
         906        -4.213256e-01        -4.432981e-01         1.477494e-03
         907        -4.483967e-01        -4.433037e-01         1.475876e-03
         908        -4.228558e-01        -4.432812e-01         1.474422e-03
         909        -4.238266e-01        -4.432598e-01         1.472956e-03
         910        -4.496452e-01        -4.432668e-01         1.471354e-03
         911        -3.380331e-01        -4.431513e-01         1.474266e-03
         912        -4.529121e-01        -4.431620e-01         1.472688e-03
         913        -4.373676e-01        -4.431556e-01         1.471089e-03
         914        -4.919995e-01        -4.432091e-01         1.470450e-03
         915        -4.396564e-01        -4.432052e-01         1.468848e-03
         916        -4.977102e-01        -4.432647e-01         1.468449e-03
         917        -4.394241e-01        -4.432605e-01         1.466854e-03
         918        -4.347726e-01        -4.432512e-01         1.465285e-03
         919        -4.589527e-01        -4.432683e-01         1.463790e-03
         920        -3.997163e-01        -4.432210e-01         1.462964e-03
         921        -4.575981e-01        -4.432366e-01         1.461459e-03
         922        -4.997132e-01        -4.432978e-01         1.461157e-03
         923        -5.048706e-01        -4.433646e-01         1.461096e-03
         924        -4.522815e-01        -4.433742e-01         1.459547e-03
         925        -4.164684e-01        -4.433451e-01         1.458259e-03
         926        -4.831472e-01        -4.433881e-01         1.457317e-03
         927        -4.504759e-01        -4.433958e-01         1.455765e-03
         928        -4.154034e-01        -4.433656e-01         1.454509e-03
         929        -4.768802e-01        -4.434017e-01         1.453391e-03
         930        -4.380355e-01        -4.433959e-01         1.451839e-03
         931        -4.818653e-01        -4.434372e-01         1.450868e-03
         932        -4.140450e-01        -4.434057e-01         1.449654e-03
         933        -4.540796e-01        -4.434171e-01         1.448145e-03
         934        -4.902216e-01        -4.434672e-01         1.447461e-03
         935        -3.007952e-01        -4.433146e-01         1.453934e-03
         936        -5.065802e-01        -4.433822e-01         1.453951e-03
         937        -4.588266e-01        -4.433987e-01         1.452493e-03
         938        -4.766729e-01        -4.434342e-01         1.451377e-03
         939        -4.237179e-01        -4.434132e-01         1.449983e-03
         940        -2.959347e-01        -4.432563e-01         1.456904e-03
         941        -4.739026e-01        -4.432889e-01         1.455720e-03
         942        -4.221130e-01        -4.432664e-01         1.454348e-03
         943        -4.350544e-01        -4.432577e-01         1.452832e-03
         944        -4.796158e-01        -4.432962e-01         1.451803e-03
         945        -4.618567e-01        -4.433158e-01         1.450400e-03
         946        -4.326669e-01        -4.433046e-01         1.448910e-03
         947        -4.718077e-01        -4.433347e-01         1.447693e-03
         948        -4.480355e-01        -4.433396e-01         1.446174e-03
         949        -3.369455e-01        -4.432275e-01         1.448990e-03
         950        -4.601654e-01        -4.432453e-01         1.447574e-03
         951        -4.808131e-01        -4.432849e-01         1.446591e-03
         952        -4.260850e-01        -4.432668e-01         1.445184e-03
         953        -5.202226e-01        -4.433475e-01         1.445922e-03
         954        -4.829357e-01        -4.433890e-01         1.445002e-03
         955        -2.489831e-01        -4.431855e-01         1.457757e-03
         956        -4.207026e-01        -4.431619e-01         1.456422e-03
         957        -4.927410e-01        -4.432138e-01         1.455821e-03
         958        -4.687144e-01        -4.432404e-01         1.454545e-03
         959        -4.354243e-01        -4.432322e-01         1.453051e-03
         960        -4.592453e-01        -4.432489e-01         1.451633e-03
         961        -4.676034e-01        -4.432742e-01         1.450344e-03
         962        -4.594095e-01        -4.432910e-01         1.448933e-03
         963        -4.207547e-01        -4.432676e-01         1.447617e-03
         964        -3.891910e-01        -4.432115e-01         1.447202e-03
         965        -4.876388e-01        -4.432576e-01         1.446435e-03
         966        -5.038041e-01        -4.433202e-01         1.446295e-03
         967        -4.156544e-01        -4.432916e-01         1.445082e-03
         968        -4.420647e-01        -4.432904e-01         1.443590e-03
         969        -4.637903e-01        -4.433115e-01         1.442255e-03
         970        -4.101591e-01        -4.432773e-01         1.441173e-03
         971        -4.298393e-01        -4.432635e-01         1.439755e-03
         972        -5.119142e-01        -4.433341e-01         1.440005e-03
         973        -4.462866e-01        -4.433372e-01         1.438528e-03
         974        -4.721588e-01        -4.433668e-01         1.437356e-03
         975        -4.562155e-01        -4.433799e-01         1.435942e-03
         976        -4.145267e-01        -4.433504e-01         1.434775e-03
         977        -4.554800e-01        -4.433628e-01         1.433360e-03
         978        -4.983539e-01        -4.434190e-01         1.432997e-03
         979        -4.515856e-01        -4.434274e-01         1.431558e-03
         980        -4.792861e-01        -4.434639e-01         1.430564e-03
         981        -4.328763e-01        -4.434532e-01         1.429147e-03
         982        -4.552113e-01        -4.434651e-01         1.427742e-03
         983        -4.287926e-01        -4.434502e-01         1.426367e-03
         984        -3.993054e-01        -4.434053e-01         1.425623e-03
         985        -5.069627e-01        -4.434699e-01         1.425635e-03
         986        -4.433771e-01        -4.434698e-01         1.424189e-03
         987        -4.429666e-01        -4.434693e-01         1.422746e-03
         988        -4.839056e-01        -4.435102e-01         1.421895e-03
         989        -4.551403e-01        -4.435219e-01         1.420506e-03
         990        -4.250958e-01        -4.435033e-01         1.419193e-03
         991        -4.013064e-01        -4.434608e-01         1.418399e-03
         992        -4.680759e-01        -4.434856e-01         1.417187e-03
         993        -4.351040e-01        -4.434771e-01         1.415785e-03
         994        -4.502241e-01        -4.434839e-01         1.414376e-03
         995        -5.090158e-01        -4.435498e-01         1.414488e-03
         996        -4.828014e-01        -4.435892e-01         1.413616e-03
         997        -4.382813e-01        -4.435839e-01         1.412208e-03
         998        -4.695468e-01        -4.436099e-01         1.411033e-03
         999        -4.820822e-01        -4.436484e-01         1.410146e-03
        1000        -4.785045e-01        -4.436832e-01         1.409167e-03
