9.973200e-01	1
9.984044e-01	2
9.977415e-01	3
9.984112e-01	4
9.989439e-01	5
9.991872e-01	6
9.994671e-01	7
9.995150e-01	8
9.997983e-01	9
9.997101e-01	10
9.999236e-01	11
9.999116e-01	12
1.000134e+00	13
9.999586e-01	14
1.000044e+00	15
1.000113e+00	16
1.000219e+00	17
1.000187e+00	18
1.000089e+00	19
1.000138e+00	20
1.000098e+00	21
1.000029e+00	22
1.000029e+00	23
1.000067e+00	24
1.000037e+00	25
1.000014e+00	26
1.000054e+00	27
1.000147e+00	28
1.000121e+00	29
1.000087e+00	30
1.000212e+00	31
1.000214e+00	32
1.000166e+00	33
1.000114e+00	34
1.000129e+00	35
1.000152e+00	36
1.000129e+00	37
1.000162e+00	38
1.000174e+00	39
1.000243e+00	40
1.000256e+00	41
1.000254e+00	42
1.000297e+00	43
1.000252e+00	44
1.000252e+00	45
1.000267e+00	46
1.000267e+00	47
1.000263e+00	48
1.000273e+00	49
1.000267e+00	50
1.000190e+00	51
1.000199e+00	52
1.000182e+00	53
1.000222e+00	54
1.000222e+00	55
1.000179e+00	56
1.000168e+00	57
1.000180e+00	58
1.000150e+00	59
1.000144e+00	60
1.000142e+00	61
1.000093e+00	62
1.000069e+00	63
1.000063e+00	64
1.000071e+00	65
1.000072e+00	66
1.000085e+00	67
1.000069e+00	68
1.000059e+00	69
1.000079e+00	70
1.000044e+00	71
1.000029e+00	72
1.000007e+00	73
1.000016e+00	74
1.000024e+00	75
1.000024e+00	76
1.000003e+00	77
9.999483e-01	78
9.999563e-01	79
9.999674e-01	80
9.999570e-01	81
9.999429e-01	82
9.999767e-01	83
9.999840e-01	84
9.999881e-01	85
9.999833e-01	86
9.999759e-01	87
9.999847e-01	88
9.999699e-01	89
9.999835e-01	90
9.999897e-01	91
9.999932e-01	92
1.000014e+00	93
1.000011e+00	94
1.000005e+00	95
1.000015e+00	96
1.000026e+00	97
1.000009e+00	98
9.999648e-01	99
9.999753e-01	100
