9.999584e-01	1
9.997438e-01	2
9.996583e-01	3
9.997868e-01	4
9.998184e-01	5
9.998747e-01	6
9.998523e-01	7
9.998382e-01	8
9.998727e-01	9
9.998990e-01	10
9.999461e-01	11
9.999570e-01	12
9.999531e-01	13
9.999196e-01	14
9.999848e-01	15
9.999962e-01	16
9.999885e-01	17
1.000003e+00	18
1.000003e+00	19
1.000024e+00	20
1.000002e+00	21
1.000025e+00	22
1.000029e+00	23
1.000038e+00	24
1.000050e+00	25
1.000066e+00	26
1.000074e+00	27
1.000099e+00	28
1.000075e+00	29
1.000093e+00	30
1.000099e+00	31
1.000096e+00	32
1.000072e+00	33
1.000073e+00	34
1.000071e+00	35
1.000070e+00	36
1.000057e+00	37
1.000043e+00	38
1.000049e+00	39
1.000048e+00	40
1.000041e+00	41
1.000032e+00	42
1.000025e+00	43
1.000024e+00	44
1.000017e+00	45
1.000017e+00	46
1.000013e+00	47
1.000012e+00	48
1.000013e+00	49
1.000001e+00	50
1.000008e+00	51
1.000001e+00	52
1.000001e+00	53
1.000006e+00	54
1.000001e+00	55
9.999930e-01	56
9.999979e-01	57
9.999837e-01	58
9.999864e-01	59
9.999824e-01	60
9.999931e-01	61
9.999836e-01	62
9.999778e-01	63
9.999783e-01	64
9.999799e-01	65
9.999815e-01	66
9.999845e-01	67
9.999790e-01	68
9.999796e-01	69
9.999850e-01	70
9.999924e-01	71
9.999889e-01	72
9.999883e-01	73
9.999931e-01	74
9.999853e-01	75
9.999840e-01	76
9.999937e-01	77
9.999890e-01	78
9.999892e-01	79
9.999936e-01	80
9.999984e-01	81
9.999998e-01	82
1.000011e+00	83
1.000021e+00	84
1.000016e+00	85
1.000019e+00	86
1.000030e+00	87
1.000028e+00	88
1.000028e+00	89
1.000032e+00	90
1.000040e+00	91
1.000040e+00	92
1.000037e+00	93
1.000041e+00	94
1.000038e+00	95
1.000042e+00	96
1.000046e+00	97
1.000049e+00	98
1.000045e+00	99
1.000043e+00	100
