    # BLOCK:          ACTUAL_T:              T_AVE:              ERROR:
           1         8.047662e-01         8.047662e-01         0.000000e+00
           2         8.050260e-01         8.048961e-01         9.184390e-05
           3         8.057370e-01         8.051764e-01         2.369259e-04
           4         8.014316e-01         8.042402e-01         8.300241e-04
           5         8.061955e-01         8.046312e-01         7.505078e-04
           6         8.043732e-01         8.045882e-01         6.266543e-04
           7         8.049822e-01         8.046445e-01         5.396536e-04
           8         8.079952e-01         8.050634e-01         6.135672e-04
           9         8.014136e-01         8.046578e-01         6.660605e-04
          10         8.053065e-01         8.047227e-01         6.026052e-04
          11         8.017947e-01         8.044565e-01         6.037573e-04
          12         8.046592e-01         8.044734e-01         5.536804e-04
          13         8.050374e-01         8.045168e-01         5.127865e-04
          14         8.070174e-01         8.046954e-01         5.063132e-04
          15         8.076933e-01         8.048953e-01         5.104836e-04
          16         8.031439e-01         8.047858e-01         4.901735e-04
          17         8.029586e-01         8.046783e-01         4.729776e-04
          18         8.023010e-01         8.045462e-01         4.647757e-04
          19         8.065568e-01         8.046521e-01         4.521999e-04
          20         8.010439e-01         8.044717e-01         4.641847e-04
          21         8.088209e-01         8.046788e-01         4.860933e-04
          22         8.044217e-01         8.046671e-01         4.641385e-04
          23         8.062281e-01         8.047349e-01         4.488938e-04
          24         8.047081e-01         8.047338e-01         4.301912e-04
          25         8.034350e-01         8.046819e-01         4.161087e-04
          26         8.020710e-01         8.045815e-01         4.120433e-04
          27         8.055465e-01         8.046172e-01         3.983298e-04
          28         7.972247e-01         8.043532e-01         4.634125e-04
          29         8.068388e-01         8.044389e-01         4.552902e-04
          30         8.026458e-01         8.043791e-01         4.440196e-04
          31         8.063855e-01         8.044439e-01         4.343877e-04
          32         8.062734e-01         8.045010e-01         4.245588e-04
          33         8.075697e-01         8.045940e-01         4.217543e-04
          34         8.090666e-01         8.047256e-01         4.293753e-04
          35         8.059524e-01         8.047606e-01         4.185357e-04
          36         8.013767e-01         8.046666e-01         4.173314e-04
          37         8.049052e-01         8.046731e-01         4.061020e-04
          38         8.077056e-01         8.047529e-01         4.031801e-04
          39         7.986142e-01         8.045955e-01         4.224508e-04
          40         8.083378e-01         8.046890e-01         4.221223e-04
          41         8.024171e-01         8.046336e-01         4.154477e-04
          42         8.072340e-01         8.046955e-01         4.101437e-04
          43         8.019223e-01         8.046310e-01         4.056447e-04
          44         8.059177e-01         8.046603e-01         3.974781e-04
          45         8.012702e-01         8.045849e-01         3.957201e-04
          46         8.046341e-01         8.045860e-01         3.871189e-04
          47         8.083760e-01         8.046666e-01         3.871896e-04
          48         8.065405e-01         8.047057e-01         3.810861e-04
          49         8.032611e-01         8.046762e-01         3.744475e-04
          50         8.054268e-01         8.046912e-01         3.672593e-04
          51         8.049471e-01         8.046962e-01         3.600924e-04
          52         8.027308e-01         8.046584e-01         3.551457e-04
          53         8.018512e-01         8.046055e-01         3.523725e-04
          54         8.055220e-01         8.046224e-01         3.462557e-04
          55         8.026841e-01         8.045872e-01         3.417489e-04
          56         8.023655e-01         8.045475e-01         3.379413e-04
          57         8.010035e-01         8.044853e-01         3.376839e-04
          58         8.031161e-01         8.044617e-01         3.326860e-04
          59         8.103715e-01         8.045619e-01         3.417936e-04
          60         8.047936e-01         8.045658e-01         3.361189e-04
          61         8.028443e-01         8.045375e-01         3.317914e-04
          62         8.047810e-01         8.045415e-01         3.264631e-04
          63         8.032607e-01         8.045211e-01         3.219136e-04
          64         8.011872e-01         8.044690e-01         3.210710e-04
          65         8.052081e-01         8.044804e-01         3.163327e-04
          66         8.062380e-01         8.045071e-01         3.126587e-04
          67         7.990783e-01         8.044260e-01         3.183182e-04
          68         8.044372e-01         8.044262e-01         3.136371e-04
          69         8.046935e-01         8.044301e-01         3.091156e-04
          70         8.054545e-01         8.044447e-01         3.050459e-04
          71         8.015209e-01         8.044035e-01         3.035163e-04
          72         8.065811e-01         8.044338e-01         3.008039e-04
          73         8.080660e-01         8.044835e-01         3.007702e-04
          74         8.018272e-01         8.044476e-01         2.988401e-04
          75         8.033041e-01         8.044324e-01         2.952443e-04
          76         8.069515e-01         8.044655e-01         2.932143e-04
          77         8.097914e-01         8.045347e-01         2.974525e-04
          78         8.053364e-01         8.045450e-01         2.938165e-04
          79         8.060663e-01         8.045642e-01         2.907277e-04
          80         8.036236e-01         8.045525e-01         2.873313e-04
          81         8.051970e-01         8.045604e-01         2.838942e-04
          82         8.055388e-01         8.045724e-01         2.806826e-04
          83         8.045234e-01         8.045718e-01         2.773015e-04
          84         8.085719e-01         8.046194e-01         2.780592e-04
          85         7.994977e-01         8.045591e-01         2.812409e-04
          86         8.001826e-01         8.045082e-01         2.825373e-04
          87         8.021223e-01         8.044808e-01         2.806175e-04
          88         8.029341e-01         8.044632e-01         2.779786e-04
          89         8.026564e-01         8.044429e-01         2.755956e-04
          90         8.077151e-01         8.044793e-01         2.749210e-04
          91         8.075618e-01         8.045132e-01         2.739788e-04
          92         8.076336e-01         8.045471e-01         2.730922e-04
          93         8.045728e-01         8.045474e-01         2.701559e-04
          94         8.031928e-01         8.045330e-01         2.676659e-04
          95         8.016986e-01         8.045031e-01         2.665060e-04
          96         8.071071e-01         8.045302e-01         2.651067e-04
          97         8.057210e-01         8.045425e-01         2.626577e-04
          98         8.067005e-01         8.045645e-01         2.608990e-04
          99         8.041642e-01         8.045605e-01         2.582949e-04
         100         8.059300e-01         8.045742e-01         2.560748e-04
         101         8.079538e-01         8.046076e-01         2.557162e-04
         102         8.021963e-01         8.045840e-01         2.542996e-04
         103         8.031276e-01         8.045699e-01         2.522235e-04
         104         8.066672e-01         8.045900e-01         2.506032e-04
         105         8.053496e-01         8.045973e-01         2.483209e-04
         106         8.001372e-01         8.045552e-01         2.495175e-04
         107         8.058507e-01         8.045673e-01         2.474791e-04
         108         8.058497e-01         8.045792e-01         2.454723e-04
         109         8.045307e-01         8.045787e-01         2.432207e-04
         110         8.017746e-01         8.045532e-01         2.423418e-04
         111         8.056586e-01         8.045632e-01         2.403631e-04
         112         8.038020e-01         8.045564e-01         2.383130e-04
         113         8.072958e-01         8.045806e-01         2.374338e-04
         114         8.049702e-01         8.045841e-01         2.353757e-04
         115         8.046261e-01         8.045844e-01         2.333292e-04
         116         8.040775e-01         8.045801e-01         2.313587e-04
         117         8.058098e-01         8.045906e-01         2.296199e-04
         118         8.042734e-01         8.045879e-01         2.276897e-04
         119         8.050524e-01         8.045918e-01         2.258098e-04
         120         8.062808e-01         8.046059e-01         2.243663e-04
         121         8.080256e-01         8.046341e-01         2.242850e-04
         122         8.069066e-01         8.046527e-01         2.232188e-04
         123         8.051102e-01         8.046565e-01         2.214349e-04
         124         8.029907e-01         8.046430e-01         2.200563e-04
         125         8.070908e-01         8.046626e-01         2.191654e-04
         126         8.056209e-01         8.046702e-01         2.175579e-04
         127         8.063122e-01         8.046831e-01         2.162287e-04
         128         8.027929e-01         8.046684e-01         2.150431e-04
         129         8.063371e-01         8.046813e-01         2.137648e-04
         130         8.051700e-01         8.046851e-01         2.121535e-04
         131         8.000361e-01         8.046496e-01         2.134816e-04
         132         8.057456e-01         8.046579e-01         2.120257e-04
         133         8.076742e-01         8.046806e-01         2.116410e-04
         134         8.057124e-01         8.046883e-01         2.102017e-04
         135         8.033843e-01         8.046786e-01         2.088664e-04
         136         8.060088e-01         8.046884e-01         2.075595e-04
         137         8.064347e-01         8.047011e-01         2.064355e-04
         138         8.027202e-01         8.046868e-01         2.054380e-04
         139         8.060662e-01         8.046967e-01         2.041996e-04
         140         8.072163e-01         8.047147e-01         2.035326e-04
         141         8.023708e-01         8.046981e-01         2.027669e-04
         142         8.063778e-01         8.047099e-01         2.016836e-04
         143         8.074946e-01         8.047294e-01         2.012112e-04
         144         8.024786e-01         8.047138e-01         2.004200e-04
         145         8.077043e-01         8.047344e-01         2.000962e-04
         146         8.059227e-01         8.047425e-01         1.988912e-04
         147         8.047759e-01         8.047427e-01         1.975383e-04
         148         8.024039e-01         8.047269e-01         1.968347e-04
         149         8.067173e-01         8.047403e-01         1.959665e-04
         150         8.034525e-01         8.047317e-01         1.948480e-04
         151         8.067763e-01         8.047453e-01         1.940275e-04
         152         8.047316e-01         8.047452e-01         1.927510e-04
         153         8.070844e-01         8.047605e-01         1.920967e-04
         154         8.069082e-01         8.047744e-01         1.913549e-04
         155         8.027668e-01         8.047614e-01         1.905582e-04
         156         8.076383e-01         8.047799e-01         1.902269e-04
         157         8.016041e-01         8.047597e-01         1.900877e-04
         158         8.095737e-01         8.047901e-01         1.913109e-04
         159         8.035573e-01         8.047824e-01         1.902647e-04
         160         8.028725e-01         8.047704e-01         1.894496e-04
         161         8.059466e-01         8.047777e-01         1.884137e-04
         162         8.037907e-01         8.047717e-01         1.873492e-04
         163         8.072429e-01         8.047868e-01         1.868122e-04
         164         8.008768e-01         8.047630e-01         1.871883e-04
         165         8.036526e-01         8.047562e-01         1.861748e-04
         166         8.045881e-01         8.047552e-01         1.850560e-04
         167         7.991464e-01         8.047216e-01         1.869708e-04
         168         8.049148e-01         8.047228e-01         1.858614e-04
         169         8.032299e-01         8.047140e-01         1.849715e-04
         170         8.059987e-01         8.047215e-01         1.840377e-04
         171         8.013575e-01         8.047018e-01         1.840099e-04
         172         8.020923e-01         8.046867e-01         1.835645e-04
         173         8.061754e-01         8.046953e-01         1.827050e-04
         174         8.083601e-01         8.047163e-01         1.828650e-04
         175         8.056722e-01         8.047218e-01         1.819016e-04
         176         8.034102e-01         8.047144e-01         1.810207e-04
         177         8.043419e-01         8.047122e-01         1.800102e-04
         178         8.065166e-01         8.047224e-01         1.792841e-04
         179         8.036552e-01         8.047164e-01         1.783816e-04
         180         8.037441e-01         8.047110e-01         1.774724e-04
         181         8.013767e-01         8.046926e-01         1.774454e-04
         182         8.047998e-01         8.046932e-01         1.764714e-04
         183         8.046688e-01         8.046931e-01         1.755071e-04
         184         8.024991e-01         8.046811e-01         1.749578e-04
         185         8.069503e-01         8.046934e-01         1.744415e-04
         186         8.020579e-01         8.046792e-01         1.740782e-04
         187         8.079233e-01         8.046966e-01         1.740096e-04
         188         8.024145e-01         8.046844e-01         1.735069e-04
         189         8.053120e-01         8.046878e-01         1.726206e-04
         190         8.040525e-01         8.046844e-01         1.717445e-04
         191         8.050868e-01         8.046865e-01         1.708582e-04
         192         8.088057e-01         8.047080e-01         1.713100e-04
         193         8.043321e-01         8.047060e-01         1.704334e-04
         194         8.071336e-01         8.047185e-01         1.700137e-04
         195         8.051593e-01         8.047208e-01         1.691568e-04
         196         8.039549e-01         8.047169e-01         1.683389e-04
         197         8.029824e-01         8.047081e-01         1.677145e-04
         198         8.097854e-01         8.047337e-01         1.688164e-04
         199         7.984579e-01         8.047022e-01         1.708885e-04
         200         8.092619e-01         8.047250e-01         1.715481e-04
