0	1
0.00400492	2
0.00566993	3
0.0075003	4
0.00869612	5
0.00959159	6
0.00979077	7
0.0106081	8
0.0106492	9
0.0116848	10
0.0123722	11
0.0132694	12
0.0141537	13
0.0149768	14
0.0156722	15
0.0166083	16
0.0165082	17
0.0179475	18
0.0176386	19
0.0171769	20
0.017284	21
0.0182805	22
0.0192381	23
0.0197147	24
0.0197472	25
0.0195101	26
0.0200882	27
0.0204775	28
0.0208458	29
0.0219196	30
0.0220961	31
0.0228441	32
0.0221332	33
0.0217524	34
0.02259	35
0.0235376	36
0.0244689	37
0.0251747	38
0.0254387	39
0.0252767	40
0.0251335	41
0.0251825	42
0.0262828	43
0.0275382	44
0.0279994	45
0.0277495	46
0.0288583	47
0.0293053	48
0.0281899	49
0.0288813	50
0.0287372	51
0.0293824	52
0.0294408	53
0.0303265	54
0.0312065	55
0.0314975	56
0.0323669	57
0.0331521	58
0.0335345	59
0.0350033	60
0.0351517	61
0.0362238	62
0.036136	63
0.0372697	64
0.0373317	65
0.0360803	66
0.0361357	67
0.0371527	68
0.0379017	69
0.0388111	70
0.0394721	71
0.0388243	72
0.0388209	73
0.0389152	74
0.0400307	75
0.0407345	76
0.0423743	77
0.0421184	78
0.0427814	79
0.0426618	80
0.0431385	81
0.0442421	82
0.0439628	83
0.0446046	84
0.0438828	85
0.0437234	86
0.0448721	87
0.0439046	88
0.0444681	89
0.0453604	90
0.0456859	91
0.0466136	92
0.0469131	93
0.0475723	94
0.047816	95
0.0476665	96
0.0472351	97
0.047717	98
0.0473347	99
0.0471288	100
