-0.377351            -0.330082
0.229649            -0.168834
-0.0228853            0.0718346
0.205029            -0.413993
0.156019             0.405484
-0.128504             0.336567
0.276048            -0.478862
-0.331675            0.0724387
-0.220767            0.0458579
-0.482698            0.0831787
-0.435357             0.254654
-0.266843            -0.306707
-0.0067737             0.256047
-0.0208621           -0.0057403
-0.242107            -0.260732
-0.0282034            0.0849169
0.116809            0.0804683
-0.416046            -0.340741
0.431865             0.254052
0.00185779            -0.475716
0.186006            -0.130649
0.151955            -0.286148
0.17838            -0.401786
-0.37904             0.180137
0.0772691             0.340005
-0.447239           -0.0464925
0.265764             0.470267
-0.27389              0.49461
0.418855             0.439875
0.313285            -0.482058
-0.366196             -0.44652
0.213423            -0.388223
0.485475            -0.100978
-0.227249            -0.248635
