    # BLOCK:          ACTUAL_PE:              PE_AVE:              ERROR:
           1        -4.261199e-01        -4.261199e-01         0.000000e+00
           2        -3.867192e-01        -4.064195e-01         1.393026e-02
           3        -3.905502e-01        -4.011297e-01         1.024206e-02
           4        -4.322288e-01        -4.089045e-01         1.021477e-02
           5        -3.894279e-01        -4.050092e-01         8.883543e-03
           6        -3.811917e-01        -4.010396e-01         8.242267e-03
           7        -3.946873e-01        -4.001321e-01         7.114582e-03
           8        -3.666096e-01        -3.959418e-01         7.356475e-03
           9        -3.746032e-01        -3.935709e-01         6.910611e-03
          10        -4.570436e-01        -3.999181e-01         8.656896e-03
          11        -4.198499e-01        -4.017301e-01         8.057308e-03
          12        -3.842087e-01        -4.002700e-01         7.517001e-03
          13        -3.371640e-01        -3.954157e-01         8.360513e-03
          14        -3.986561e-01        -3.956471e-01         7.766537e-03
          15        -4.177874e-01        -3.971232e-01         7.387693e-03
          16        -3.767503e-01        -3.958499e-01         7.034836e-03
          17        -4.208045e-01        -3.973178e-01         6.772442e-03
          18        -4.276645e-01        -3.990037e-01         6.602708e-03
          19        -4.051563e-01        -3.993275e-01         6.263133e-03
          20        -4.521682e-01        -4.019696e-01         6.483329e-03
          21        -4.724727e-01        -4.053269e-01         6.990018e-03
          22        -4.465039e-01        -4.071985e-01         6.918339e-03
          23        -3.607960e-01        -4.051810e-01         6.905447e-03
          24        -4.089411e-01        -4.053377e-01         6.619497e-03
          25        -4.308187e-01        -4.063569e-01         6.432707e-03
          26        -4.115513e-01        -4.065567e-01         6.188397e-03
          27        -4.168269e-01        -4.069371e-01         5.970875e-03
          28        -3.698145e-01        -4.056113e-01         5.902990e-03
          29        -3.724771e-01        -4.044687e-01         5.808961e-03
          30        -3.921184e-01        -4.040571e-01         5.629897e-03
          31        -4.166216e-01        -4.044624e-01         5.462858e-03
          32        -3.924774e-01        -4.040878e-01         5.304967e-03
          33        -4.327337e-01        -4.049559e-01         5.214747e-03
          34        -3.942783e-01        -4.046418e-01         5.070820e-03
          35        -4.271956e-01        -4.052862e-01         4.966715e-03
          36        -4.514076e-01        -4.065674e-01         4.991250e-03
          37        -4.161113e-01        -4.068253e-01         4.863012e-03
          38        -4.303998e-01        -4.074457e-01         4.774446e-03
          39        -4.257494e-01        -4.079150e-01         4.675034e-03
          40        -4.333220e-01        -4.085502e-01         4.601105e-03
          41        -4.129132e-01        -4.086566e-01         4.490114e-03
          42        -4.241712e-01        -4.090260e-01         4.398375e-03
          43        -4.154413e-01        -4.091752e-01         4.298616e-03
          44        -4.156617e-01        -4.093226e-01         4.203448e-03
          45        -3.895657e-01        -4.088836e-01         4.132903e-03
          46        -3.937536e-01        -4.085547e-01         4.056124e-03
          47        -4.168984e-01        -4.087322e-01         3.973707e-03
          48        -4.954446e-01        -4.105387e-01         4.281910e-03
          49        -4.548769e-01        -4.114436e-01         4.289067e-03
          50        -4.623667e-01        -4.124620e-01         4.322514e-03
          51        -4.908912e-01        -4.139999e-01         4.503015e-03
          52        -4.372647e-01        -4.144473e-01         4.438589e-03
          53        -4.012526e-01        -4.141983e-01         4.361818e-03
          54        -4.365841e-01        -4.146129e-01         4.300698e-03
          55        -4.240355e-01        -4.147842e-01         4.225915e-03
          56        -4.067365e-01        -4.146405e-01         4.152895e-03
          57        -4.480515e-01        -4.152266e-01         4.121196e-03
          58        -3.920967e-01        -4.148278e-01         4.069390e-03
          59        -4.324106e-01        -4.151258e-01         4.011314e-03
          60        -3.693367e-01        -4.143627e-01         4.016398e-03
          61        -4.196319e-01        -4.144491e-01         3.951484e-03
          62        -3.421158e-01        -4.132824e-01         4.056324e-03
          63        -4.002114e-01        -4.130749e-01         3.997240e-03
          64        -3.954292e-01        -4.127992e-01         3.944281e-03
          65        -3.959877e-01        -4.125406e-01         3.892070e-03
          66        -3.788563e-01        -4.120302e-01         3.866417e-03
          67        -3.655109e-01        -4.113359e-01         3.870549e-03
          68        -3.615146e-01        -4.106032e-01         3.882353e-03
          69        -4.164102e-01        -4.106874e-01         3.827000e-03
          70        -4.049056e-01        -4.106048e-01         3.773219e-03
          71        -4.688209e-01        -4.114247e-01         3.808123e-03
          72        -4.061078e-01        -4.113509e-01         3.755948e-03
          73        -4.131203e-01        -4.113751e-01         3.704575e-03
          74        -4.247931e-01        -4.115565e-01         3.658948e-03
          75        -4.168016e-01        -4.116264e-01         3.610831e-03
          76        -4.320652e-01        -4.118953e-01         3.573321e-03
          77        -3.533440e-01        -4.111349e-01         3.606914e-03
          78        -3.646196e-01        -4.105386e-01         3.609634e-03
          79        -3.478140e-01        -4.097446e-01         3.650221e-03
          80        -3.638174e-01        -4.091705e-01         3.649459e-03
          81        -3.916977e-01        -4.089548e-01         3.610773e-03
          82        -3.572743e-01        -4.083245e-01         3.621326e-03
          83        -3.983581e-01        -4.082045e-01         3.579685e-03
          84        -3.880111e-01        -4.079641e-01         3.545133e-03
          85        -3.790065e-01        -4.076234e-01         3.519757e-03
          86        -3.578130e-01        -4.070442e-01         3.526161e-03
          87        -3.719748e-01        -4.066411e-01         3.508595e-03
          88        -4.395911e-01        -4.070155e-01         3.488647e-03
          89        -4.398108e-01        -4.073840e-01         3.468855e-03
          90        -4.024475e-01        -4.073292e-01         3.430745e-03
          91        -3.998047e-01        -4.072465e-01         3.394041e-03
          92        -3.452136e-01        -4.065722e-01         3.423471e-03
          93        -3.807599e-01        -4.062947e-01         3.397891e-03
          94        -4.933098e-01        -4.072203e-01         3.485558e-03
          95        -4.098716e-01        -4.072483e-01         3.448979e-03
          96        -4.106035e-01        -4.072832e-01         3.413229e-03
          97        -4.256397e-01        -4.074724e-01         3.383284e-03
          98        -4.240815e-01        -4.076419e-01         3.353003e-03
          99        -4.853051e-01        -4.084264e-01         3.409668e-03
         100        -5.317056e-01        -4.096592e-01         3.591526e-03
         101        -4.800170e-01        -4.103558e-01         3.622894e-03
         102        -4.525060e-01        -4.107690e-01         3.610866e-03
         103        -4.344338e-01        -4.109988e-01         3.583111e-03
         104        -4.446672e-01        -4.113225e-01         3.563253e-03
         105        -4.430040e-01        -4.116243e-01         3.542069e-03
         106        -4.363479e-01        -4.118575e-01         3.516324e-03
         107        -4.984455e-01        -4.126667e-01         3.575366e-03
         108        -5.001389e-01        -4.134767e-01         3.632839e-03
         109        -4.459264e-01        -4.137744e-01         3.611688e-03
         110        -4.826948e-01        -4.144009e-01         3.632794e-03
         111        -4.297031e-01        -4.145388e-01         3.602681e-03
         112        -4.303171e-01        -4.146797e-01         3.573268e-03
         113        -4.380801e-01        -4.148867e-01         3.547641e-03
         114        -5.087279e-01        -4.157099e-01         3.610760e-03
         115        -4.785133e-01        -4.162560e-01         3.620426e-03
         116        -5.078418e-01        -4.170456e-01         3.674296e-03
         117        -4.684160e-01        -4.174846e-01         3.669032e-03
         118        -4.085640e-01        -4.174090e-01         3.638717e-03
         119        -3.975260e-01        -4.172419e-01         3.611973e-03
         120        -4.404452e-01        -4.174353e-01         3.587045e-03
         121        -4.013240e-01        -4.173021e-01         3.559871e-03
         122        -3.927823e-01        -4.171012e-01         3.536361e-03
         123        -3.196473e-01        -4.163089e-01         3.595271e-03
         124        -3.576242e-01        -4.158356e-01         3.597291e-03
         125        -3.944034e-01        -4.156641e-01         3.572596e-03
         126        -3.370243e-01        -4.150400e-01         3.598346e-03
         127        -3.923486e-01        -4.148613e-01         3.574446e-03
         128        -3.895245e-01        -4.146634e-01         3.551997e-03
         129        -3.946238e-01        -4.145080e-01         3.527858e-03
         130        -4.329875e-01        -4.146502e-01         3.503583e-03
         131        -4.092266e-01        -4.146088e-01         3.477083e-03
         132        -3.840186e-01        -4.143771e-01         3.458455e-03
         133        -3.435008e-01        -4.138441e-01         3.473266e-03
         134        -3.063831e-01        -4.130422e-01         3.538717e-03
         135        -3.545615e-01        -4.126090e-01         3.538919e-03
         136        -3.701399e-01        -4.122967e-01         3.526648e-03
         137        -3.925432e-01        -4.121525e-01         3.503853e-03
         138        -3.715454e-01        -4.118583e-01         3.490796e-03
         139        -3.396050e-01        -4.113385e-01         3.504171e-03
         140        -3.290770e-01        -4.107509e-01         3.528060e-03
         141        -4.474162e-01        -4.110109e-01         3.512608e-03
         142        -4.401007e-01        -4.112158e-01         3.493840e-03
         143        -4.201796e-01        -4.112785e-01         3.469970e-03
         144        -3.918635e-01        -4.111437e-01         3.448492e-03
         145        -4.187870e-01        -4.111964e-01         3.425112e-03
         146        -4.109840e-01        -4.111949e-01         3.401652e-03
         147        -3.641805e-01        -4.108751e-01         3.393514e-03
         148        -3.702960e-01        -4.106009e-01         3.381643e-03
         149        -3.739077e-01        -4.103546e-01         3.367902e-03
         150        -3.819138e-01        -4.101650e-01         3.350782e-03
         151        -4.607062e-01        -4.104997e-01         3.345267e-03
         152        -4.955886e-01        -4.110595e-01         3.369771e-03
         153        -4.583043e-01        -4.113683e-01         3.361865e-03
         154        -5.299217e-01        -4.121382e-01         3.427042e-03
         155        -4.839126e-01        -4.126012e-01         3.436074e-03
         156        -4.352662e-01        -4.127465e-01         3.417118e-03
         157        -4.458243e-01        -4.129572e-01         3.401842e-03
         158        -4.498437e-01        -4.131907e-01         3.388312e-03
         159        -4.097563e-01        -4.131691e-01         3.367071e-03
         160        -4.098053e-01        -4.131480e-01         3.346093e-03
         161        -3.999055e-01        -4.130658e-01         3.326320e-03
         162        -4.488137e-01        -4.132864e-01         3.313099e-03
         163        -4.719386e-01        -4.136463e-01         3.312255e-03
         164        -4.542575e-01        -4.138939e-01         3.301302e-03
         165        -4.244439e-01        -4.139578e-01         3.281914e-03
         166        -4.020885e-01        -4.138863e-01         3.262922e-03
         167        -4.465192e-01        -4.140817e-01         3.249229e-03
         168        -4.269544e-01        -4.141584e-01         3.230792e-03
         169        -4.150107e-01        -4.141634e-01         3.211679e-03
         170        -4.273569e-01        -4.142410e-01         3.193724e-03
         171        -4.263247e-01        -4.143117e-01         3.175829e-03
         172        -3.768565e-01        -4.140939e-01         3.164822e-03
         173        -3.365621e-01        -4.136458e-01         3.178101e-03
         174        -3.761658e-01        -4.134304e-01         3.167127e-03
         175        -3.960644e-01        -4.133311e-01         3.150584e-03
         176        -4.045067e-01        -4.132810e-01         3.133082e-03
         177        -3.873947e-01        -4.131347e-01         3.118792e-03
         178        -3.541073e-01        -4.128031e-01         3.118851e-03
         179        -3.479415e-01        -4.124408e-01         3.122406e-03
         180        -3.956350e-01        -4.123474e-01         3.106455e-03
         181        -4.114060e-01        -4.123422e-01         3.089296e-03
         182        -4.103109e-01        -4.123310e-01         3.072342e-03
         183        -4.046758e-01        -4.122892e-01         3.055838e-03
         184        -3.585078e-01        -4.119969e-01         3.053177e-03
         185        -4.154307e-01        -4.120155e-01         3.036730e-03
         186        -4.608363e-01        -4.122780e-01         3.031726e-03
         187        -4.242597e-01        -4.123420e-01         3.016190e-03
         188        -4.334654e-01        -4.124544e-01         3.002239e-03
         189        -4.483195e-01        -4.126441e-01         2.992345e-03
         190        -4.055404e-01        -4.126068e-01         2.976830e-03
         191        -4.559073e-01        -4.128335e-01         2.969864e-03
         192        -4.474747e-01        -4.130139e-01         2.959871e-03
         193        -4.381071e-01        -4.131439e-01         2.947389e-03
         194        -4.295254e-01        -4.132283e-01         2.933406e-03
         195        -4.370965e-01        -4.133507e-01         2.920916e-03
         196        -4.846444e-01        -4.137145e-01         2.928574e-03
         197        -4.131155e-01        -4.137114e-01         2.913710e-03
         198        -3.431586e-01        -4.133551e-01         2.920701e-03
         199        -3.558990e-01        -4.130664e-01         2.920260e-03
         200        -3.950344e-01        -4.129762e-01         2.907050e-03
