    # BLOCK:          ACTUAL_P:          P_AVE:              ERROR:
           1         5.404570e-02         5.404570e-02         0.000000e+00
           2         4.664004e-02         5.034287e-02         2.618297e-03
           3         5.149294e-02         5.072622e-02         1.773373e-03
           4         5.071926e-02         5.072448e-02         1.330031e-03
           5         4.987507e-02         5.055460e-02         1.074819e-03
           6         4.890229e-02         5.027921e-02         9.302930e-04
           7         4.966405e-02         5.019133e-02         8.015341e-04
           8         5.079286e-02         5.026652e-02         7.048602e-04
           9         4.600290e-02         4.979279e-02         7.694449e-04
          10         5.031371e-02         4.984488e-02         6.942615e-04
          11         5.357747e-02         5.018421e-02         7.092398e-04
          12         5.502205e-02         5.058736e-02         7.560858e-04
          13         4.812935e-02         5.039828e-02         7.211798e-04
          14         5.421619e-02         5.067099e-02         7.193824e-04
          15         5.316546e-02         5.083729e-02         6.903775e-04
          16         4.991615e-02         5.077972e-02         6.496249e-04
          17         4.586872e-02         5.049083e-02         6.725831e-04
          18         4.879502e-02         5.039662e-02         6.417818e-04
          19         4.873539e-02         5.030919e-02         6.139306e-04
          20         4.815458e-02         5.020146e-02         5.926108e-04
          21         5.312151e-02         5.034051e-02         5.804754e-04
          22         5.335466e-02         5.047752e-02         5.700294e-04
          23         4.980827e-02         5.044842e-02         5.459877e-04
          24         4.899198e-02         5.038773e-02         5.265999e-04
          25         5.284200e-02         5.048590e-02         5.146052e-04
          26         5.088237e-02         5.050115e-02         4.950386e-04
          27         5.176355e-02         5.054791e-02         4.789067e-04
          28         5.125002e-02         5.057298e-02         4.624589e-04
          29         5.065512e-02         5.057582e-02         4.465207e-04
          30         5.029075e-02         5.056631e-02         4.317378e-04
          31         5.171681e-02         5.060343e-02         4.194028e-04
          32         4.871702e-02         5.054448e-02         4.104185e-04
          33         5.329597e-02         5.062786e-02         4.063628e-04
          34         4.722524e-02         5.052778e-02         4.065474e-04
          35         4.732887e-02         5.043638e-02         4.050752e-04
          36         5.035785e-02         5.043420e-02         3.938289e-04
          37         4.942641e-02         5.040696e-02         3.841257e-04
          38         5.088390e-02         5.041951e-02         3.742221e-04
          39         4.970375e-02         5.040116e-02         3.650764e-04
          40         4.931222e-02         5.037394e-02         3.569631e-04
          41         4.776893e-02         5.031040e-02         3.538660e-04
          42         4.629555e-02         5.021481e-02         3.581193e-04
          43         5.038314e-02         5.021872e-02         3.498123e-04
          44         4.733784e-02         5.015325e-02         3.479355e-04
          45         5.046504e-02         5.016018e-02         3.402726e-04
          46         4.924008e-02         5.014018e-02         3.334628e-04
          47         4.855264e-02         5.010640e-02         3.280741e-04
          48         5.029910e-02         5.011041e-02         3.212637e-04
          49         5.461369e-02         5.020232e-02         3.275891e-04
          50         4.982800e-02         5.019483e-02         3.211229e-04
          51         5.466495e-02         5.028248e-02         3.265691e-04
          52         5.127043e-02         5.030148e-02         3.208411e-04
          53         5.242204e-02         5.034149e-02         3.172725e-04
          54         5.240608e-02         5.037972e-02         3.136923e-04
          55         4.876904e-02         5.035044e-02         3.093527e-04
          56         4.970616e-02         5.033893e-02         3.040424e-04
          57         4.698927e-02         5.028017e-02         3.043346e-04
          58         4.840275e-02         5.024780e-02         3.008039e-04
          59         4.967448e-02         5.023808e-02         2.958624e-04
          60         5.065515e-02         5.024503e-02         2.910130e-04
          61         5.022533e-02         5.024471e-02         2.862425e-04
          62         4.688469e-02         5.019051e-02         2.867100e-04
          63         4.911644e-02         5.017347e-02         2.826655e-04
          64         4.866350e-02         5.014987e-02         2.792317e-04
          65         4.796082e-02         5.011619e-02         2.769593e-04
          66         4.917246e-02         5.010190e-02         2.731319e-04
          67         5.085786e-02         5.011318e-02         2.692882e-04
          68         4.871367e-02         5.009260e-02         2.661134e-04
          69         5.087266e-02         5.010390e-02         2.624967e-04
          70         4.850935e-02         5.008112e-02         2.597333e-04
          71         4.804559e-02         5.005245e-02         2.576525e-04
          72         5.051497e-02         5.005888e-02         2.541540e-04
          73         5.293993e-02         5.009834e-02         2.537183e-04
          74         4.891000e-02         5.008229e-02         2.507973e-04
          75         4.821465e-02         5.005738e-02         2.486865e-04
          76         5.042825e-02         5.006226e-02         2.454622e-04
          77         4.922894e-02         5.005144e-02         2.425129e-04
          78         4.956188e-02         5.004516e-02         2.394849e-04
          79         4.683030e-02         5.000447e-02         2.398861e-04
          80         5.091499e-02         5.001585e-02         2.371573e-04
          81         4.848841e-02         4.999699e-02         2.349780e-04
          82         4.615590e-02         4.995015e-02         2.367354e-04
          83         4.762132e-02         4.992209e-02         2.355400e-04
          84         4.903565e-02         4.991154e-02         2.329722e-04
          85         5.039033e-02         4.991717e-02         2.302995e-04
          86         4.786127e-02         4.989327e-02         2.288590e-04
          87         5.011205e-02         4.989578e-02         2.262422e-04
          88         5.427629e-02         4.994556e-02         2.290821e-04
          89         5.166633e-02         4.996490e-02         2.273225e-04
          90         4.743466e-02         4.993678e-02         2.265285e-04
          91         4.847768e-02         4.992075e-02         2.246060e-04
          92         4.641000e-02         4.988259e-02         2.253830e-04
          93         4.712210e-02         4.985290e-02         2.249056e-04
          94         5.042892e-02         4.985903e-02         2.225965e-04
          95         4.659798e-02         4.982471e-02         2.228844e-04
          96         4.776295e-02         4.980323e-02         2.215950e-04
          97         5.092657e-02         4.981481e-02         2.196129e-04
          98         5.324155e-02         4.984978e-02         2.201381e-04
          99         5.150004e-02         4.986645e-02         2.185447e-04
         100         5.268973e-02         4.989468e-02         2.181752e-04
         101         5.011384e-02         4.989685e-02         2.160259e-04
         102         4.638430e-02         4.986241e-02         2.166354e-04
         103         4.969612e-02         4.986080e-02         2.145381e-04
         104         4.862426e-02         4.984891e-02         2.128045e-04
         105         5.281386e-02         4.987715e-02         2.126430e-04
         106         4.792746e-02         4.985875e-02         2.114309e-04
         107         5.042973e-02         4.986409e-02         2.095222e-04
         108         5.300963e-02         4.989321e-02         2.095968e-04
         109         5.011386e-02         4.989524e-02         2.076837e-04
         110         5.584989e-02         4.994937e-02         2.127336e-04
         111         4.983972e-02         4.994838e-02         2.108194e-04
         112         5.123077e-02         4.995983e-02         2.092478e-04
         113         4.838327e-02         4.994588e-02         2.078607e-04
         114         5.120168e-02         4.995690e-02         2.063290e-04
         115         5.014019e-02         4.995849e-02         2.045410e-04
         116         5.464728e-02         4.999891e-02         2.067330e-04
         117         5.001466e-02         4.999905e-02         2.049661e-04
         118         4.764697e-02         4.997911e-02         2.041960e-04
         119         4.888973e-02         4.996996e-02         2.026852e-04
         120         5.508389e-02         5.001258e-02         2.054275e-04
         121         4.846327e-02         4.999977e-02         2.041284e-04
         122         4.935904e-02         4.999452e-02         2.025228e-04
         123         4.786972e-02         4.997724e-02         2.016116e-04
         124         5.018347e-02         4.997891e-02         1.999926e-04
         125         5.131091e-02         4.998956e-02         1.986763e-04
         126         4.753187e-02         4.997006e-02         1.980547e-04
         127         4.808421e-02         4.995521e-02         1.970511e-04
         128         4.797358e-02         4.993973e-02         1.961189e-04
         129         4.826567e-02         4.992675e-02         1.950275e-04
         130         5.303098e-02         4.995063e-02         1.949836e-04
         131         4.814657e-02         4.993686e-02         1.939809e-04
         132         4.986901e-02         4.993634e-02         1.925120e-04
         133         4.841008e-02         4.992487e-02         1.914063e-04
         134         4.765771e-02         4.990795e-02         1.907242e-04
         135         4.966278e-02         4.990613e-02         1.893200e-04
         136         4.779922e-02         4.989064e-02         1.885608e-04
         137         5.044125e-02         4.989466e-02         1.872272e-04
         138         4.848756e-02         4.988446e-02         1.861480e-04
         139         4.832568e-02         4.987325e-02         1.851463e-04
         140         4.498799e-02         4.983835e-02         1.870832e-04
         141         5.066424e-02         4.984421e-02         1.858480e-04
         142         4.719379e-02         4.982555e-02         1.854742e-04
         143         5.091668e-02         4.983318e-02         1.843340e-04
         144         4.695303e-02         4.981318e-02         1.841358e-04
         145         5.046328e-02         4.981766e-02         1.829205e-04
         146         4.941258e-02         4.981488e-02         1.816887e-04
         147         4.935617e-02         4.981176e-02         1.804795e-04
         148         4.698734e-02         4.979268e-02         1.802662e-04
         149         4.739359e-02         4.977658e-02         1.797740e-04
         150         5.266543e-02         4.979584e-02         1.796041e-04
         151         4.916759e-02         4.979168e-02         1.784629e-04
         152         5.247534e-02         4.980933e-02         1.781600e-04
         153         4.745755e-02         4.979396e-02         1.776574e-04
         154         5.617486e-02         4.983540e-02         1.812712e-04
         155         5.102002e-02         4.984304e-02         1.802627e-04
         156         5.177349e-02         4.985541e-02         1.795314e-04
         157         4.903437e-02         4.985018e-02         1.784641e-04
         158         4.983850e-02         4.985011e-02         1.773346e-04
         159         4.979965e-02         4.984979e-02         1.762195e-04
         160         4.839453e-02         4.984070e-02         1.753527e-04
         161         5.081426e-02         4.984674e-02         1.743678e-04
         162         4.717744e-02         4.983027e-02         1.740683e-04
         163         5.251302e-02         4.984673e-02         1.737767e-04
         164         5.029048e-02         4.984943e-02         1.727382e-04
         165         4.630040e-02         4.982792e-02         1.730253e-04
         166         5.229008e-02         4.984275e-02         1.726175e-04
         167         4.998354e-02         4.984360e-02         1.715859e-04
         168         4.777014e-02         4.983126e-02         1.710079e-04
         169         4.688776e-02         4.981384e-02         1.708807e-04
         170         5.034313e-02         4.981695e-02         1.699038e-04
         171         4.543451e-02         4.979132e-02         1.708322e-04
         172         4.825691e-02         4.978240e-02         1.700718e-04
         173         4.652475e-02         4.976357e-02         1.701279e-04
         174         4.818528e-02         4.975450e-02         1.693918e-04
         175         5.320053e-02         4.977419e-02         1.695646e-04
         176         4.771106e-02         4.976247e-02         1.690059e-04
         177         5.164947e-02         4.977313e-02         1.683869e-04
         178         5.028984e-02         4.977603e-02         1.674660e-04
         179         5.080364e-02         4.978178e-02         1.666288e-04
         180         5.188097e-02         4.979344e-02         1.661107e-04
         181         5.103722e-02         4.980031e-02         1.653350e-04
         182         4.767936e-02         4.978866e-02         1.648367e-04
         183         4.979084e-02         4.978867e-02         1.639360e-04
         184         4.503830e-02         4.976285e-02         1.650654e-04
         185         5.195509e-02         4.977470e-02         1.645980e-04
         186         5.049884e-02         4.977859e-02         1.637591e-04
         187         4.976490e-02         4.977852e-02         1.628834e-04
         188         5.190232e-02         4.978982e-02         1.624083e-04
         189         4.945903e-02         4.978807e-02         1.615584e-04
         190         4.976144e-02         4.978793e-02         1.607081e-04
         191         5.170605e-02         4.979797e-02         1.601802e-04
         192         5.357569e-02         4.981765e-02         1.605498e-04
         193         5.061744e-02         4.982179e-02         1.597714e-04
         194         4.885374e-02         4.981680e-02         1.590257e-04
         195         4.740005e-02         4.980441e-02         1.586924e-04
         196         4.871765e-02         4.979886e-02         1.579796e-04
         197         5.031114e-02         4.980146e-02         1.571991e-04
         198         4.639457e-02         4.978426e-02         1.573440e-04
         199         5.164024e-02         4.979358e-02         1.568295e-04
         200         4.974897e-02         4.979336e-02         1.560455e-04
