        -1.09552       -0.611174       -0.577077
         1.62286        -0.44373       0.0105102
      -0.0590047         2.37323       -0.354966
         -0.5507         1.35663       -0.133888
         2.88161        0.290711         1.79299
        -0.40525         1.10346         1.66016
        0.502346        -0.12886       -0.246064
        0.443572        -1.34182         1.60485
       -0.975038        -3.06768       -0.728769
        0.481273       -0.223786       -0.377269
       -0.256548       -0.997052        0.573444
         1.57636         1.41483        -1.51451
        0.564497         0.20456        0.464988
         1.30794        0.637811       -0.904656
         1.24491         0.76112         3.40428
         1.18243       -0.436061        -2.02216
        0.597515       -0.536243        0.825056
        -1.76736       -0.482837         1.21632
         -1.2169        -1.78162      -0.0516037
         0.52448       -0.583835       -0.379247
        0.066084         1.14245       -0.292501
        -1.01047         0.32732         2.40111
         1.62303       -0.939735        -1.95374
        0.440232          1.4609        -1.03156
      -0.0767643       -0.596208        0.689362
       -0.923103         1.52505       -0.433736
         1.89258         0.11437        0.525509
       -0.234548        0.234298        0.152134
       -0.334413        -1.39172        -1.34035
        0.323295         1.31971       0.0631918
         1.93556        -1.13466       -0.805279
        -1.99142        0.207024        -2.84023
       -0.248411        0.411372        0.245945
        -0.37213        0.599428         -2.1154
        0.859677       -0.129317        -1.60818
       0.0103925       -0.458396         1.13973
         -2.2884       -0.327082        0.502191
         1.18884        0.252581         0.86058
       -0.363168         2.10285         2.61238
        0.173801       -0.871921        0.657326
         1.05943        -1.98012       -0.719749
        0.669445        0.390516        0.593874
       -0.603411         2.11032        -2.69809
       0.0752455        -0.84094        0.454467
       -0.650751       -0.310631        0.840567
        -1.13041       -0.416255        0.624863
         1.13749        0.748321         -0.1081
          1.8919       -0.644843        0.828309
      -0.0818222        0.366948         0.46897
        -1.58038       -0.885636       -0.728374
        -1.25068        0.216394       0.0444468
        -2.22634        0.410029         0.78551
        -1.08467         1.61463       -0.222795
       -0.303026       0.0631485       -0.523854
        0.155374      -0.0358841        -1.04917
          1.0187       -0.107171          1.5033
        -1.39137       -0.341304        -1.45554
        -1.47099       -0.782541         1.45899
        0.468164       -0.681901       -0.715554
        0.967102         1.00623        -2.47236
        -1.21485        -1.03054        0.566611
        0.643901         0.68844       -0.384146
        0.132211        0.393996       -0.941058
         -1.0416        -1.77136          2.1926
        0.830972       -0.633027         2.20032
       -0.763743        0.581301         1.20497
         1.36203        0.990452          2.0031
        -1.26705        0.190438        0.161636
         1.32985        0.373343         1.33215
        -1.68849       -0.230488        -2.86481
        0.194145         1.43381       -0.198932
        0.796686        0.748854       -0.544623
         -2.1514        0.165886          1.1065
         1.49146       -0.345805        -1.06551
        -1.17623        -0.26169      -0.0250423
       -0.503891       -0.526516       -0.359108
         0.91993        0.694151         1.28246
        0.630201        0.564046        0.848744
       -0.448631        0.800245         1.21677
       -0.202038       -0.211457        0.165582
       -0.531647        0.605546        -0.63097
       -0.583129         -1.0137       -0.151456
        0.913657        -1.47532       -0.319949
       -0.547493        0.638703        0.692367
       -0.204267       0.0626318        0.216178
        0.797798        0.798465         1.25277
        0.625432        -1.25651        0.906218
       -0.471499        0.534488        -2.40236
        0.108618         1.32389         -1.2147
         1.33354       0.0136446        0.963429
         1.14434        0.764283        -2.04283
        -1.15204         1.11952        0.679514
       -0.767589        -2.43453        -1.46604
        -1.22841        0.466341       0.0187374
         1.59893       -0.399419        -1.36082
       -0.206557        -1.26023       0.0784498
        0.623131       -0.267021        0.802705
        -2.48918        0.533787        -1.11266
         1.45982       -0.666316       -0.719484
       -0.691504         -2.6282        0.394911
        0.278107       -0.478534         0.27736
         1.12012         1.18858       -0.448894
       -0.952951        -1.60501        0.626905
       -0.437611        -1.24279        0.939199
     -0.00134051          1.4777       -0.784896
       -0.527831       -0.621412       -0.673583
       -0.101428        0.751698       -0.118919
       0.0743572         1.20036       -0.899966
