    # BLOCK:          ACTUAL_P:          P_AVE:              ERROR:
           1         1.580045e+00         1.580045e+00         0.000000e+00
           2         1.462119e+00         1.521082e+00         4.169342e-02
           3         1.312122e+00         1.451428e+00         6.330087e-02
           4         1.428325e+00         1.445653e+00         4.773843e-02
           5         1.286344e+00         1.413791e+00         4.765155e-02
           6         1.572556e+00         1.440252e+00         4.647940e-02
           7         1.472624e+00         1.444876e+00         4.006889e-02
           8         1.480384e+00         1.449315e+00         3.530524e-02
           9         1.328370e+00         1.435876e+00         3.384347e-02
          10         1.301154e+00         1.422404e+00         3.303195e-02
          11         1.499869e+00         1.429446e+00         3.077058e-02
          12         1.397212e+00         1.426760e+00         2.832337e-02
          13         1.172678e+00         1.407215e+00         3.218940e-02
          14         1.352076e+00         1.403277e+00         3.013015e-02
          15         1.571759e+00         1.414509e+00         3.014245e-02
          16         1.632061e+00         1.428106e+00         3.117482e-02
          17         1.381487e+00         1.425364e+00         2.946137e-02
          18         1.511333e+00         1.430140e+00         2.820911e-02
          19         1.322486e+00         1.424474e+00         2.728751e-02
          20         1.593768e+00         1.432938e+00         2.720437e-02
          21         1.420231e+00         1.432333e+00         2.591566e-02
          22         1.242974e+00         1.423726e+00         2.612795e-02
          23         1.424732e+00         1.423770e+00         2.499199e-02
          24         1.483651e+00         1.426265e+00         2.407488e-02
          25         1.402555e+00         1.425317e+00         2.313056e-02
          26         1.224156e+00         1.417580e+00         2.349929e-02
          27         1.616693e+00         1.424954e+00         2.375793e-02
          28         1.421629e+00         1.424835e+00         2.290973e-02
          29         1.355377e+00         1.422440e+00         2.224458e-02
          30         1.380271e+00         1.421035e+00         2.154746e-02
          31         1.524069e+00         1.424358e+00         2.110717e-02
          32         1.422831e+00         1.424311e+00         2.044762e-02
          33         1.429991e+00         1.424483e+00         1.982872e-02
          34         1.448654e+00         1.425194e+00         1.925827e-02
          35         1.429805e+00         1.425325e+00         1.870848e-02
          36         1.440699e+00         1.425752e+00         1.819367e-02
          37         1.682030e+00         1.432679e+00         1.897467e-02
          38         1.257705e+00         1.428074e+00         1.902583e-02
          39         1.498683e+00         1.429885e+00         1.862393e-02
          40         1.461676e+00         1.430680e+00         1.817528e-02
          41         1.406430e+00         1.430088e+00         1.774160e-02
          42         1.462859e+00         1.430868e+00         1.733633e-02
          43         1.515339e+00         1.432833e+00         1.704410e-02
          44         1.385344e+00         1.431753e+00         1.669087e-02
          45         1.482328e+00         1.432877e+00         1.635776e-02
          46         1.534942e+00         1.435096e+00         1.615193e-02
          47         1.522070e+00         1.436947e+00         1.591393e-02
          48         1.526597e+00         1.438814e+00         1.569160e-02
          49         1.461448e+00         1.439276e+00         1.537816e-02
          50         1.496729e+00         1.440425e+00         1.511347e-02
          51         1.450297e+00         1.440619e+00         1.481836e-02
          52         1.407266e+00         1.439977e+00         1.454727e-02
          53         1.470137e+00         1.440547e+00         1.428392e-02
          54         1.462870e+00         1.440960e+00         1.402538e-02
          55         1.503035e+00         1.442089e+00         1.381571e-02
          56         1.584605e+00         1.444634e+00         1.380141e-02
          57         1.439188e+00         1.444538e+00         1.355961e-02
          58         1.527841e+00         1.445974e+00         1.340167e-02
          59         1.331141e+00         1.444028e+00         1.331511e-02
          60         1.463641e+00         1.444355e+00         1.309720e-02
          61         1.457130e+00         1.444564e+00         1.288417e-02
          62         1.351204e+00         1.443058e+00         1.276405e-02
          63         1.442768e+00         1.443054e+00         1.256145e-02
          64         1.301418e+00         1.440841e+00         1.255861e-02
          65         1.607280e+00         1.443401e+00         1.262374e-02
          66         1.546871e+00         1.444969e+00         1.252944e-02
          67         1.508199e+00         1.445913e+00         1.237793e-02
          68         1.438476e+00         1.445803e+00         1.219638e-02
          69         1.421755e+00         1.445455e+00         1.202460e-02
          70         1.532148e+00         1.446693e+00         1.191643e-02
          71         1.381205e+00         1.445771e+00         1.178424e-02
          72         1.473043e+00         1.446150e+00         1.162665e-02
          73         1.318651e+00         1.444403e+00         1.159783e-02
          74         1.512292e+00         1.445321e+00         1.147733e-02
          75         1.345214e+00         1.443986e+00         1.140164e-02
          76         1.406171e+00         1.443488e+00         1.126247e-02
          77         1.426186e+00         1.443264e+00         1.111845e-02
          78         1.529031e+00         1.444363e+00         1.103014e-02
          79         1.696657e+00         1.447557e+00         1.134343e-02
          80         1.413939e+00         1.447137e+00         1.120942e-02
          81         1.360964e+00         1.446073e+00         1.112140e-02
          82         1.449906e+00         1.446119e+00         1.098587e-02
          83         1.442783e+00         1.446079e+00         1.085358e-02
          84         1.526390e+00         1.447035e+00         1.076640e-02
          85         1.663077e+00         1.449577e+00         1.093564e-02
          86         1.715203e+00         1.452666e+00         1.123620e-02
          87         1.443362e+00         1.452559e+00         1.110756e-02
          88         1.394017e+00         1.451894e+00         1.100124e-02
          89         1.510228e+00         1.452549e+00         1.089714e-02
          90         1.583766e+00         1.454007e+00         1.087315e-02
          91         1.359824e+00         1.452972e+00         1.080281e-02
          92         1.564218e+00         1.454181e+00         1.075285e-02
          93         1.468820e+00         1.454339e+00         1.063838e-02
          94         1.425019e+00         1.454027e+00         1.052978e-02
          95         1.464927e+00         1.454141e+00         1.041957e-02
          96         1.462709e+00         1.454231e+00         1.031141e-02
          97         1.462848e+00         1.454319e+00         1.020549e-02
          98         1.290596e+00         1.452649e+00         1.023718e-02
          99         1.366137e+00         1.451775e+00         1.017101e-02
         100         1.529179e+00         1.452549e+00         1.009871e-02
         101         1.450417e+00         1.452528e+00         9.998740e-03
         102         1.483281e+00         1.452829e+00         9.905258e-03
         103         1.652050e+00         1.454764e+00         9.996148e-03
         104         1.510203e+00         1.455297e+00         9.914235e-03
         105         1.516066e+00         1.455875e+00         9.836692e-03
         106         1.535361e+00         1.456625e+00         9.772433e-03
         107         1.168228e+00         1.453930e+00         1.004592e-02
         108         1.342778e+00         1.452901e+00         1.000548e-02
         109         1.434013e+00         1.452727e+00         9.915189e-03
         110         1.163157e+00         1.450095e+00         1.016850e-02
         111         1.622514e+00         1.451648e+00         1.019485e-02
         112         1.580613e+00         1.452800e+00         1.016864e-02
         113         1.371045e+00         1.452076e+00         1.010436e-02
         114         1.545123e+00         1.452893e+00         1.004863e-02
         115         1.560405e+00         1.453827e+00         1.000465e-02
         116         1.529011e+00         1.454476e+00         9.939374e-03
         117         1.498951e+00         1.454856e+00         9.861689e-03
         118         1.191827e+00         1.452627e+00         1.002687e-02
         119         1.742443e+00         1.455062e+00         1.023411e-02
         120         1.202865e+00         1.452960e+00         1.036237e-02
         121         1.374859e+00         1.452315e+00         1.029681e-02
         122         1.426239e+00         1.452101e+00         1.021463e-02
         123         1.486782e+00         1.452383e+00         1.013548e-02
         124         1.438699e+00         1.452273e+00         1.005434e-02
         125         1.500145e+00         1.452656e+00         9.981197e-03
         126         1.490368e+00         1.452955e+00         9.906468e-03
         127         1.400656e+00         1.452543e+00         9.837020e-03
         128         1.514776e+00         1.453029e+00         9.772176e-03
         129         1.355011e+00         1.452270e+00         9.725918e-03
         130         1.401403e+00         1.451878e+00         9.658971e-03
         131         1.368444e+00         1.451241e+00         9.606214e-03
         132         1.473236e+00         1.451408e+00         9.534885e-03
         133         1.405578e+00         1.451064e+00         9.469418e-03
         134         1.292672e+00         1.449881e+00         9.472237e-03
         135         1.628557e+00         1.451205e+00         9.494088e-03
         136         1.334916e+00         1.450350e+00         9.462705e-03
         137         1.467673e+00         1.450476e+00         9.394479e-03
         138         1.317369e+00         1.449512e+00         9.375788e-03
         139         1.489472e+00         1.449799e+00         9.312743e-03
         140         1.457397e+00         1.449854e+00         9.246381e-03
         141         1.404425e+00         1.449531e+00         9.186416e-03
         142         1.451482e+00         1.449545e+00         9.121733e-03
         143         1.236795e+00         1.448057e+00         9.178471e-03
         144         1.369294e+00         1.447510e+00         9.131014e-03
         145         1.297876e+00         1.446478e+00         9.126170e-03
         146         1.318390e+00         1.445601e+00         9.105734e-03
         147         1.449589e+00         1.445628e+00         9.043831e-03
         148         1.391809e+00         1.445265e+00         8.990032e-03
         149         1.611644e+00         1.446381e+00         8.998776e-03
         150         1.541844e+00         1.447018e+00         8.961261e-03
         151         1.577969e+00         1.447885e+00         8.943779e-03
         152         1.323441e+00         1.447066e+00         8.922332e-03
         153         1.542621e+00         1.447691e+00         8.885848e-03
         154         1.414841e+00         1.447477e+00         8.830707e-03
         155         1.442534e+00         1.447446e+00         8.773793e-03
         156         1.608506e+00         1.448478e+00         8.778085e-03
         157         1.500059e+00         1.448806e+00         8.728320e-03
         158         1.448312e+00         1.448803e+00         8.673078e-03
         159         1.467346e+00         1.448920e+00         8.619315e-03
         160         1.351253e+00         1.448310e+00         8.587032e-03
         161         1.417692e+00         1.448119e+00         8.535801e-03
         162         1.404752e+00         1.447852e+00         8.487308e-03
         163         1.229587e+00         1.446513e+00         8.540216e-03
         164         1.455347e+00         1.446567e+00         8.488312e-03
         165         1.557739e+00         1.447240e+00         8.463566e-03
         166         1.588796e+00         1.448093e+00         8.455431e-03
         167         1.476555e+00         1.448263e+00         8.406517e-03
         168         1.337840e+00         1.447606e+00         8.382134e-03
         169         1.505296e+00         1.447948e+00         8.339484e-03
         170         1.547150e+00         1.448531e+00         8.310819e-03
         171         1.520155e+00         1.448950e+00         8.272766e-03
         172         1.398217e+00         1.448655e+00         8.229925e-03
         173         1.379304e+00         1.448254e+00         8.192110e-03
         174         1.430211e+00         1.448150e+00         8.145686e-03
         175         1.359724e+00         1.447645e+00         8.114796e-03
         176         1.438749e+00         1.447595e+00         8.068846e-03
         177         1.448754e+00         1.447601e+00         8.023262e-03
         178         1.485118e+00         1.447812e+00         7.980956e-03
         179         1.429341e+00         1.447709e+00         7.937037e-03
         180         1.443456e+00         1.447685e+00         7.892977e-03
         181         1.550261e+00         1.448252e+00         7.869689e-03
         182         1.427036e+00         1.448135e+00         7.827312e-03
         183         1.296176e+00         1.447305e+00         7.828462e-03
         184         1.276598e+00         1.446377e+00         7.840697e-03
         185         1.344851e+00         1.445828e+00         7.817497e-03
         186         1.397633e+00         1.445569e+00         7.779761e-03
         187         1.407311e+00         1.445365e+00         7.740847e-03
         188         1.236870e+00         1.444256e+00         7.778710e-03
         189         1.491434e+00         1.444505e+00         7.741557e-03
         190         1.289360e+00         1.443689e+00         7.743756e-03
         191         1.217469e+00         1.442504e+00         7.793262e-03
         192         1.495521e+00         1.442780e+00         7.757562e-03
         193         1.539155e+00         1.443280e+00         7.733422e-03
         194         1.443066e+00         1.443279e+00         7.693559e-03
         195         1.419385e+00         1.443156e+00         7.655081e-03
         196         1.411082e+00         1.442992e+00         7.617773e-03
         197         1.518408e+00         1.443375e+00         7.588717e-03
         198         1.446752e+00         1.443392e+00         7.550410e-03
         199         1.533605e+00         1.443846e+00         7.526065e-03
         200         1.495981e+00         1.444106e+00         7.492947e-03
