    # BLOCK:          ACTUAL_T:              T_AVE:              ERROR:
           1         1.070817e+00         1.070817e+00         0.000000e+00
           2         1.071278e+00         1.071048e+00         1.631136e-04
           3         1.101873e+00         1.081323e+00         8.390385e-03
           4         1.090194e+00         1.083541e+00         6.579372e-03
           5         1.115060e+00         1.089845e+00         7.713391e-03
           6         1.072362e+00         1.086931e+00         6.956410e-03
           7         1.097071e+00         1.088380e+00         6.111607e-03
           8         1.101649e+00         1.090038e+00         5.568199e-03
           9         1.111451e+00         1.092417e+00         5.434075e-03
          10         1.107733e+00         1.093949e+00         5.101928e-03
          11         1.096801e+00         1.094208e+00         4.644698e-03
          12         1.105184e+00         1.095123e+00         4.346760e-03
          13         1.134729e+00         1.098169e+00         4.966636e-03
          14         1.100578e+00         1.098341e+00         4.614854e-03
          15         1.084116e+00         1.097393e+00         4.403566e-03
          16         1.075303e+00         1.096012e+00         4.339381e-03
          17         1.103981e+00         1.096481e+00         4.109360e-03
          18         1.076594e+00         1.095376e+00         4.026855e-03
          19         1.103008e+00         1.095778e+00         3.834894e-03
          20         1.096380e+00         1.095808e+00         3.643268e-03
          21         1.098310e+00         1.095927e+00         3.471725e-03
          22         1.132199e+00         1.097576e+00         3.684664e-03
          23         1.103393e+00         1.097829e+00         3.533130e-03
          24         1.096752e+00         1.097784e+00         3.386201e-03
          25         1.111654e+00         1.098339e+00         3.295893e-03
          26         1.119755e+00         1.099163e+00         3.270434e-03
          27         1.085307e+00         1.098649e+00         3.189311e-03
          28         1.100812e+00         1.098727e+00         3.076342e-03
          29         1.114007e+00         1.099253e+00         3.015050e-03
          30         1.126990e+00         1.100178e+00         3.053012e-03
          31         1.088325e+00         1.099796e+00         2.978375e-03
          32         1.109202e+00         1.100090e+00         2.899771e-03
          33         1.097232e+00         1.100003e+00         2.813191e-03
          34         1.101195e+00         1.100038e+00         2.730669e-03
          35         1.091227e+00         1.099786e+00         2.664230e-03
          36         1.080461e+00         1.099250e+00         2.643750e-03
          37         1.066300e+00         1.098359e+00         2.718145e-03
          38         1.126679e+00         1.099104e+00         2.746880e-03
          39         1.072494e+00         1.098422e+00         2.759889e-03
          40         1.087418e+00         1.098147e+00         2.704567e-03
          41         1.085212e+00         1.097831e+00         2.656939e-03
          42         1.091306e+00         1.097676e+00         2.598217e-03
          43         1.092727e+00         1.097561e+00         2.540342e-03
          44         1.118261e+00         1.098031e+00         2.525795e-03
          45         1.084514e+00         1.097731e+00         2.487466e-03
          46         1.093405e+00         1.097637e+00         2.435168e-03
          47         1.084975e+00         1.097368e+00         2.398212e-03
          48         1.088065e+00         1.097174e+00         2.356067e-03
          49         1.111284e+00         1.097462e+00         2.325516e-03
          50         1.101181e+00         1.097536e+00         2.280195e-03
          51         1.093883e+00         1.097464e+00         2.236611e-03
          52         1.095005e+00         1.097417e+00         2.194099e-03
          53         1.094230e+00         1.097357e+00         2.153525e-03
          54         1.094382e+00         1.097302e+00         2.114349e-03
          55         1.093713e+00         1.097237e+00         2.076913e-03
          56         1.070568e+00         1.096760e+00         2.093714e-03
          57         1.086396e+00         1.096579e+00         2.064863e-03
          58         1.092994e+00         1.096517e+00         2.030186e-03
          59         1.096236e+00         1.096512e+00         1.995782e-03
          60         1.094609e+00         1.096480e+00         1.962771e-03
          61         1.097175e+00         1.096492e+00         1.930627e-03
          62         1.107147e+00         1.096664e+00         1.907122e-03
          63         1.091534e+00         1.096582e+00         1.878588e-03
          64         1.114630e+00         1.096864e+00         1.870280e-03
          65         1.085558e+00         1.096690e+00         1.849577e-03
          66         1.097246e+00         1.096699e+00         1.821572e-03
          67         1.097081e+00         1.096704e+00         1.794394e-03
          68         1.097796e+00         1.096720e+00         1.768077e-03
          69         1.123476e+00         1.097108e+00         1.784467e-03
          70         1.104238e+00         1.097210e+00         1.761879e-03
          71         1.106404e+00         1.097340e+00         1.741816e-03
          72         1.087759e+00         1.097206e+00         1.722700e-03
          73         1.097353e+00         1.097208e+00         1.699102e-03
          74         1.085768e+00         1.097054e+00         1.683161e-03
          75         1.118268e+00         1.097337e+00         1.684318e-03
          76         1.105422e+00         1.097443e+00         1.665512e-03
          77         1.096763e+00         1.097434e+00         1.643905e-03
          78         1.090865e+00         1.097350e+00         1.624985e-03
          79         1.086484e+00         1.097212e+00         1.610227e-03
          80         1.106305e+00         1.097326e+00         1.594105e-03
          81         1.117672e+00         1.097577e+00         1.594092e-03
          82         1.091134e+00         1.097499e+00         1.576587e-03
          83         1.094688e+00         1.097465e+00         1.557956e-03
          84         1.082493e+00         1.097287e+00         1.549571e-03
          85         1.064589e+00         1.096902e+00         1.578367e-03
          86         1.065786e+00         1.096540e+00         1.600946e-03
          87         1.098179e+00         1.096559e+00         1.582655e-03
          88         1.089835e+00         1.096483e+00         1.566514e-03
          89         1.088181e+00         1.096389e+00         1.551687e-03
          90         1.077885e+00         1.096184e+00         1.548008e-03
          91         1.111775e+00         1.096355e+00         1.540450e-03
          92         1.102220e+00         1.096419e+00         1.525024e-03
          93         1.092980e+00         1.096382e+00         1.509074e-03
          94         1.104312e+00         1.096466e+00         1.495376e-03
          95         1.087763e+00         1.096375e+00         1.482439e-03
          96         1.089446e+00         1.096302e+00         1.468753e-03
          97         1.097822e+00         1.096318e+00         1.453695e-03
          98         1.107566e+00         1.096433e+00         1.443385e-03
          99         1.101226e+00         1.096481e+00         1.429617e-03
         100         1.090720e+00         1.096424e+00         1.416481e-03
         101         1.104324e+00         1.096502e+00         1.404615e-03
         102         1.091727e+00         1.096455e+00         1.391624e-03
         103         1.071772e+00         1.096215e+00         1.398594e-03
         104         1.090801e+00         1.096163e+00         1.386114e-03
         105         1.088972e+00         1.096095e+00         1.374604e-03
         106         1.093335e+00         1.096069e+00         1.361883e-03
         107         1.132916e+00         1.096413e+00         1.392012e-03
         108         1.113638e+00         1.096573e+00         1.388230e-03
         109         1.102343e+00         1.096626e+00         1.376503e-03
         110         1.123501e+00         1.096870e+00         1.385502e-03
         111         1.070679e+00         1.096634e+00         1.392967e-03
         112         1.080173e+00         1.096487e+00         1.388262e-03
         113         1.112735e+00         1.096631e+00         1.383403e-03
         114         1.089139e+00         1.096565e+00         1.372828e-03
         115         1.088496e+00         1.096495e+00         1.362682e-03
         116         1.087708e+00         1.096419e+00         1.353038e-03
         117         1.083836e+00         1.096312e+00         1.345741e-03
         118         1.130513e+00         1.096601e+00         1.365193e-03
         119         1.077973e+00         1.096445e+00         1.362666e-03
         120         1.129871e+00         1.096723e+00         1.379487e-03
         121         1.115630e+00         1.096880e+00         1.376907e-03
         122         1.107881e+00         1.096970e+00         1.368570e-03
         123         1.088355e+00         1.096900e+00         1.359235e-03
         124         1.093251e+00         1.096870e+00         1.348592e-03
         125         1.102772e+00         1.096918e+00         1.338629e-03
         126         1.091788e+00         1.096877e+00         1.328624e-03
         127         1.101498e+00         1.096913e+00         1.318661e-03
         128         1.071015e+00         1.096711e+00         1.323790e-03
         129         1.101039e+00         1.096745e+00         1.313953e-03
         130         1.093576e+00         1.096720e+00         1.304072e-03
         131         1.101877e+00         1.096760e+00         1.294711e-03
         132         1.095843e+00         1.096753e+00         1.284921e-03
         133         1.099660e+00         1.096774e+00         1.275446e-03
         134         1.122161e+00         1.096964e+00         1.279921e-03
         135         1.084803e+00         1.096874e+00         1.273606e-03
         136         1.114910e+00         1.097006e+00         1.271127e-03
         137         1.100734e+00         1.097034e+00         1.262140e-03
         138         1.119214e+00         1.097194e+00         1.263186e-03
         139         1.091691e+00         1.097155e+00         1.254719e-03
         140         1.086632e+00         1.097080e+00         1.248006e-03
         141         1.100632e+00         1.097105e+00         1.239409e-03
         142         1.096121e+00         1.097098e+00         1.230700e-03
         143         1.122540e+00         1.097276e+00         1.234887e-03
         144         1.102112e+00         1.097309e+00         1.226768e-03
         145         1.118237e+00         1.097454e+00         1.226768e-03
         146         1.104496e+00         1.097502e+00         1.219314e-03
         147         1.111479e+00         1.097597e+00         1.214721e-03
         148         1.109484e+00         1.097677e+00         1.209166e-03
         149         1.092201e+00         1.097641e+00         1.201609e-03
         150         1.081980e+00         1.097536e+00         1.198125e-03
         151         1.079447e+00         1.097416e+00         1.196165e-03
         152         1.123357e+00         1.097587e+00         1.200408e-03
         153         1.096770e+00         1.097582e+00         1.192574e-03
         154         1.102192e+00         1.097612e+00         1.185206e-03
         155         1.120433e+00         1.097759e+00         1.186670e-03
         156         1.068343e+00         1.097570e+00         1.193950e-03
         157         1.080292e+00         1.097460e+00         1.191407e-03
         158         1.090208e+00         1.097414e+00         1.184750e-03
         159         1.096285e+00         1.097407e+00         1.177320e-03
         160         1.104205e+00         1.097450e+00         1.170728e-03
         161         1.099662e+00         1.097464e+00         1.163537e-03
         162         1.101715e+00         1.097490e+00         1.156651e-03
         163         1.121214e+00         1.097635e+00         1.158676e-03
         164         1.100057e+00         1.097650e+00         1.151705e-03
         165         1.078099e+00         1.097532e+00         1.150804e-03
         166         1.078030e+00         1.097414e+00         1.149852e-03
         167         1.108748e+00         1.097482e+00         1.144968e-03
         168         1.114927e+00         1.097586e+00         1.142852e-03
         169         1.085290e+00         1.097513e+00         1.138403e-03
         170         1.097454e+00         1.097513e+00         1.131706e-03
         171         1.083167e+00         1.097429e+00         1.128193e-03
         172         1.096599e+00         1.097424e+00         1.121644e-03
         173         1.084131e+00         1.097347e+00         1.117789e-03
         174         1.098036e+00         1.097351e+00         1.111372e-03
         175         1.111610e+00         1.097433e+00         1.108004e-03
         176         1.098592e+00         1.097439e+00         1.101728e-03
         177         1.087341e+00         1.097382e+00         1.096980e-03
         178         1.098311e+00         1.097387e+00         1.090830e-03
         179         1.102350e+00         1.097415e+00         1.085088e-03
         180         1.101334e+00         1.097437e+00         1.079278e-03
         181         1.101023e+00         1.097457e+00         1.073497e-03
         182         1.108497e+00         1.097517e+00         1.069311e-03
         183         1.106543e+00         1.097567e+00         1.064605e-03
         184         1.122447e+00         1.097702e+00         1.067371e-03
         185         1.108852e+00         1.097762e+00         1.063302e-03
         186         1.107133e+00         1.097812e+00         1.058778e-03
         187         1.107070e+00         1.097862e+00         1.054273e-03
         188         1.115794e+00         1.097957e+00         1.052971e-03
         189         1.092021e+00         1.097926e+00         1.047868e-03
         190         1.121679e+00         1.098051e+00         1.049784e-03
         191         1.134027e+00         1.098239e+00         1.061051e-03
         192         1.101742e+00         1.098258e+00         1.055682e-03
         193         1.097474e+00         1.098254e+00         1.050220e-03
         194         1.100598e+00         1.098266e+00         1.044876e-03
         195         1.114702e+00         1.098350e+00         1.042912e-03
         196         1.107115e+00         1.098395e+00         1.038549e-03
         197         1.079046e+00         1.098296e+00         1.037911e-03
         198         1.093478e+00         1.098272e+00         1.032954e-03
         199         1.084230e+00         1.098201e+00         1.030171e-03
         200         1.108750e+00         1.098254e+00         1.026370e-03
