    # BLOCK:          ACTUAL_PE:              PE_AVE:              ERROR:
           1        -4.130883e-01        -4.130883e-01         0.000000e+00
           2        -4.110704e-01        -4.120794e-01         7.134421e-04
           3        -4.159218e-01        -4.133602e-01         1.148868e-03
           4        -4.151961e-01        -4.138192e-01         9.489181e-04
           5        -4.115023e-01        -4.133558e-01         8.649070e-04
           6        -4.168401e-01        -4.139365e-01         8.947136e-04
           7        -4.122059e-01        -4.136893e-01         8.003272e-04
           8        -4.152812e-01        -4.138883e-01         7.246031e-04
           9        -4.140512e-01        -4.139064e-01         6.443178e-04
          10        -4.104499e-01        -4.135607e-01         6.661775e-04
          11        -4.145578e-01        -4.136514e-01         6.117521e-04
          12        -4.180767e-01        -4.140201e-01         6.626689e-04
          13        -4.168445e-01        -4.142374e-01         6.463292e-04
          14        -4.133244e-01        -4.141722e-01         6.034437e-04
          15        -4.117809e-01        -4.140128e-01         5.838933e-04
          16        -4.171989e-01        -4.142119e-01         5.803641e-04
          17        -4.144172e-01        -4.142240e-01         5.463507e-04
          18        -4.102813e-01        -4.140049e-01         5.581806e-04
          19        -4.184607e-01        -4.142395e-01         5.759636e-04
          20        -4.154646e-01        -4.143007e-01         5.504133e-04
          21        -4.135570e-01        -4.142653e-01         5.253412e-04
          22        -4.152296e-01        -4.143091e-01         5.032871e-04
          23        -4.137161e-01        -4.142833e-01         4.820650e-04
          24        -4.137908e-01        -4.142628e-01         4.624157e-04
          25        -4.154973e-01        -4.143122e-01         4.465479e-04
          26        -4.140506e-01        -4.143021e-01         4.294863e-04
          27        -4.158174e-01        -4.143583e-01         4.172297e-04
          28        -4.149153e-01        -4.143782e-01         4.028026e-04
          29        -4.124553e-01        -4.143119e-01         3.943322e-04
          30        -4.142933e-01        -4.143112e-01         3.811883e-04
          31        -4.155388e-01        -4.143508e-01         3.709430e-04
          32        -4.115032e-01        -4.142618e-01         3.698712e-04
          33        -4.159119e-01        -4.143118e-01         3.620268e-04
          34        -4.143863e-01        -4.143140e-01         3.513856e-04
          35        -4.144046e-01        -4.143166e-01         3.413556e-04
          36        -4.119174e-01        -4.142500e-01         3.383165e-04
          37        -4.141624e-01        -4.142476e-01         3.291811e-04
          38        -4.069310e-01        -4.140551e-01         3.725981e-04
          39        -4.143298e-01        -4.140621e-01         3.631109e-04
          40        -4.117781e-01        -4.140050e-01         3.584947e-04
          41        -4.156774e-01        -4.140458e-01         3.520639e-04
          42        -4.138871e-01        -4.140420e-01         3.437017e-04
          43        -4.166950e-01        -4.141037e-01         3.412011e-04
          44        -4.169217e-01        -4.141678e-01         3.394040e-04
          45        -4.124184e-01        -4.141289e-01         3.340805e-04
          46        -4.176515e-01        -4.142055e-01         3.354798e-04
          47        -4.226763e-01        -4.143857e-01         3.736311e-04
          48        -4.106728e-01        -4.143083e-01         3.737683e-04
          49        -4.128318e-01        -4.142782e-01         3.673531e-04
          50        -4.155135e-01        -4.143029e-01         3.608359e-04
          51        -4.123797e-01        -4.142652e-01         3.557258e-04
          52        -4.133206e-01        -4.142470e-01         3.493484e-04
          53        -4.113068e-01        -4.141916e-01         3.471337e-04
          54        -4.136457e-01        -4.141815e-01         3.408524e-04
          55        -4.153107e-01        -4.142020e-01         3.352729e-04
          56        -4.121093e-01        -4.141646e-01         3.313619e-04
          57        -4.123104e-01        -4.141321e-01         3.271414e-04
          58        -4.169269e-01        -4.141803e-01         3.250304e-04
          59        -4.152427e-01        -4.141983e-01         3.200198e-04
          60        -4.125701e-01        -4.141711e-01         3.158345e-04
          61        -4.151930e-01        -4.141879e-01         3.111009e-04
          62        -4.127180e-01        -4.141642e-01         3.069851e-04
          63        -4.124006e-01        -4.141362e-01         3.033859e-04
          64        -4.102529e-01        -4.140755e-01         3.046528e-04
          65        -4.156482e-01        -4.140997e-01         3.009251e-04
          66        -4.120182e-01        -4.140682e-01         2.980137e-04
          67        -4.157945e-01        -4.140939e-01         2.946776e-04
          68        -4.132994e-01        -4.140823e-01         2.905757e-04
          69        -4.161701e-01        -4.141125e-01         2.879356e-04
          70        -4.085335e-01        -4.140328e-01         2.946462e-04
          71        -4.130244e-01        -4.140186e-01         2.908384e-04
          72        -4.124593e-01        -4.139970e-01         2.876041e-04
          73        -4.186609e-01        -4.140609e-01         2.906742e-04
          74        -4.157369e-01        -4.140835e-01         2.876272e-04
          75        -4.156043e-01        -4.141038e-01         2.845060e-04
          76        -4.101933e-01        -4.140523e-01         2.853773e-04
          77        -4.139442e-01        -4.140509e-01         2.816745e-04
          78        -4.148818e-01        -4.140616e-01         2.782647e-04
          79        -4.115947e-01        -4.140303e-01         2.764888e-04
          80        -4.119590e-01        -4.140045e-01         2.742423e-04
          81        -4.205405e-01        -4.140851e-01         2.824784e-04
          82        -4.145233e-01        -4.140905e-01         2.790841e-04
          83        -4.116131e-01        -4.140606e-01         2.773132e-04
          84        -4.112942e-01        -4.140277e-01         2.759605e-04
          85        -4.154778e-01        -4.140448e-01         2.732408e-04
          86        -4.125708e-01        -4.140276e-01         2.706006e-04
          87        -4.135411e-01        -4.140220e-01         2.675480e-04
          88        -4.185671e-01        -4.140737e-01         2.694469e-04
          89        -4.152947e-01        -4.140874e-01         2.667684e-04
          90        -4.179684e-01        -4.141305e-01         2.672669e-04
          91        -4.155535e-01        -4.141462e-01         2.647869e-04
          92        -4.122482e-01        -4.141255e-01         2.627112e-04
          93        -4.152875e-01        -4.141380e-01         2.601833e-04
          94        -4.113066e-01        -4.141079e-01         2.591530e-04
          95        -4.129846e-01        -4.140961e-01         2.566947e-04
          96        -4.116762e-01        -4.140709e-01         2.552554e-04
          97        -4.171964e-01        -4.141031e-01         2.546496e-04
          98        -4.127635e-01        -4.140894e-01         2.524177e-04
          99        -4.135030e-01        -4.140835e-01         2.499375e-04
         100        -4.146595e-01        -4.140893e-01         2.475045e-04
         101        -4.169469e-01        -4.141176e-01         2.466659e-04
         102        -4.126110e-01        -4.141028e-01         2.446894e-04
         103        -4.153285e-01        -4.141147e-01         2.426030e-04
         104        -4.122042e-01        -4.140963e-01         2.409648e-04
         105        -4.130643e-01        -4.140865e-01         2.388703e-04
         106        -4.120042e-01        -4.140668e-01         2.374232e-04
         107        -4.129138e-01        -4.140561e-01         2.354487e-04
         108        -4.159190e-01        -4.140733e-01         2.338996e-04
         109        -4.178072e-01        -4.141076e-01         2.342488e-04
         110        -4.149122e-01        -4.141149e-01         2.322334e-04
         111        -4.151648e-01        -4.141243e-01         2.303337e-04
         112        -4.150097e-01        -4.141323e-01         2.284128e-04
         113        -4.119279e-01        -4.141127e-01         2.272229e-04
         114        -4.077823e-01        -4.140572e-01         2.319159e-04
         115        -4.166146e-01        -4.140795e-01         2.309630e-04
         116        -4.126993e-01        -4.140676e-01         2.292782e-04
         117        -4.142788e-01        -4.140694e-01         2.273256e-04
         118        -4.158875e-01        -4.140848e-01         2.259207e-04
         119        -4.145031e-01        -4.140883e-01         2.240496e-04
         120        -4.139399e-01        -4.140870e-01         2.221859e-04
         121        -4.141420e-01        -4.140875e-01         2.203501e-04
         122        -4.148140e-01        -4.140935e-01         2.186244e-04
         123        -4.157388e-01        -4.141068e-01         2.172558e-04
         124        -4.131034e-01        -4.140987e-01         2.156544e-04
         125        -4.134774e-01        -4.140938e-01         2.139865e-04
         126        -4.107168e-01        -4.140670e-01         2.139600e-04
         127        -4.171473e-01        -4.140912e-01         2.136455e-04
         128        -4.114361e-01        -4.140705e-01         2.129810e-04
         129        -4.193844e-01        -4.141117e-01         2.152768e-04
         130        -4.168399e-01        -4.141327e-01         2.146413e-04
         131        -4.140040e-01        -4.141317e-01         2.130051e-04
         132        -4.198246e-01        -4.141748e-01         2.157135e-04
         133        -4.162645e-01        -4.141905e-01         2.146630e-04
         134        -4.121609e-01        -4.141754e-01         2.135948e-04
         135        -4.111630e-01        -4.141531e-01         2.131750e-04
         136        -4.164187e-01        -4.141697e-01         2.122574e-04
         137        -4.103009e-01        -4.141415e-01         2.125784e-04
         138        -4.147102e-01        -4.141456e-01         2.110779e-04
         139        -4.166467e-01        -4.141636e-01         2.103249e-04
         140        -4.209516e-01        -4.142121e-01         2.143384e-04
         141        -4.113661e-01        -4.141919e-01         2.137665e-04
         142        -4.177224e-01        -4.142168e-01         2.137021e-04
         143        -4.146501e-01        -4.142198e-01         2.122291e-04
         144        -4.169853e-01        -4.142390e-01         2.116225e-04
         145        -4.132265e-01        -4.142320e-01         2.102782e-04
         146        -4.143449e-01        -4.142328e-01         2.088393e-04
         147        -4.154945e-01        -4.142414e-01         2.075950e-04
         148        -4.163366e-01        -4.142555e-01         2.066745e-04
         149        -4.136608e-01        -4.142515e-01         2.053259e-04
         150        -4.111514e-01        -4.142309e-01         2.049946e-04
         151        -4.149785e-01        -4.142358e-01         2.036968e-04
         152        -4.121560e-01        -4.142221e-01         2.028157e-04
         153        -4.122235e-01        -4.142091e-01         2.019104e-04
         154        -4.164847e-01        -4.142238e-01         2.011393e-04
         155        -4.175434e-01        -4.142453e-01         2.009785e-04
         156        -4.163634e-01        -4.142588e-01         2.001483e-04
         157        -4.128387e-01        -4.142498e-01         1.990778e-04
         158        -4.143456e-01        -4.142504e-01         1.978187e-04
         159        -4.164455e-01        -4.142642e-01         1.970557e-04
         160        -4.129012e-01        -4.142557e-01         1.960082e-04
         161        -4.150866e-01        -4.142608e-01         1.948587e-04
         162        -4.169640e-01        -4.142775e-01         1.943689e-04
         163        -4.150546e-01        -4.142823e-01         1.932349e-04
         164        -4.143412e-01        -4.142827e-01         1.920570e-04
         165        -4.146558e-01        -4.142849e-01         1.909063e-04
         166        -4.133845e-01        -4.142795e-01         1.898334e-04
         167        -4.130566e-01        -4.142722e-01         1.888378e-04
         168        -4.171437e-01        -4.142893e-01         1.884857e-04
         169        -4.136616e-01        -4.142856e-01         1.874070e-04
         170        -4.137881e-01        -4.142826e-01         1.863274e-04
         171        -4.082738e-01        -4.142475e-01         1.885222e-04
         172        -4.156007e-01        -4.142554e-01         1.875902e-04
         173        -4.133414e-01        -4.142501e-01         1.865803e-04
         174        -4.137388e-01        -4.142471e-01         1.855311e-04
         175        -4.158699e-01        -4.142564e-01         1.847025e-04
         176        -4.141221e-01        -4.142556e-01         1.836546e-04
         177        -4.163963e-01        -4.142677e-01         1.830148e-04
         178        -4.115755e-01        -4.142526e-01         1.826106e-04
         179        -4.200885e-01        -4.142852e-01         1.844778e-04
         180        -4.167302e-01        -4.142988e-01         1.839524e-04
         181        -4.181772e-01        -4.143202e-01         1.841798e-04
         182        -4.145613e-01        -4.143216e-01         1.831726e-04
         183        -4.107503e-01        -4.143020e-01         1.832083e-04
         184        -4.203161e-01        -4.143347e-01         1.851052e-04
         185        -4.130551e-01        -4.143278e-01         1.842338e-04
         186        -4.133314e-01        -4.143224e-01         1.833212e-04
         187        -4.146518e-01        -4.143242e-01         1.823493e-04
         188        -4.154019e-01        -4.143299e-01         1.814695e-04
         189        -4.132672e-01        -4.143243e-01         1.805964e-04
         190        -4.120666e-01        -4.143124e-01         1.800364e-04
         191        -4.139305e-01        -4.143104e-01         1.791049e-04
         192        -4.108803e-01        -4.142926e-01         1.790609e-04
         193        -4.152378e-01        -4.142975e-01         1.782001e-04
         194        -4.145385e-01        -4.142987e-01         1.772859e-04
         195        -4.160381e-01        -4.143076e-01         1.766009e-04
         196        -4.144084e-01        -4.143081e-01         1.757007e-04
         197        -4.134624e-01        -4.143039e-01         1.748612e-04
         198        -4.166499e-01        -4.143157e-01         1.743791e-04
         199        -4.174945e-01        -4.143317e-01         1.742329e-04
         200        -4.138207e-01        -4.143291e-01         1.733805e-04
