0	1
0.00261923	2
0.00293468	3
0.00208142	4
0.00196231	5
0.00162178	6
0.00202793	7
0.00181267	8
0.00183422	9
0.00191989	10
0.00183934	11
0.0017009	12
0.00157917	13
0.00160276	14
0.0014923	15
0.00140245	16
0.00141532	17
0.00145159	18
0.00140103	19
0.00136368	20
0.00131328	21
0.00125418	22
0.001211	23
0.00122317	24
0.00117709	25
0.00113093	26
0.0011462	27
0.00112118	28
0.00108701	29
0.00110382	30
0.00106811	31
0.00103746	32
0.00103134	33
0.00100078	34
0.000974687	35
0.000949509	36
0.000984671	37
0.000959635	38
0.000936484	39
0.000922931	40
0.000942938	41
0.000957652	42
0.00093525	43
0.000914564	44
0.00090933	45
0.000890712	46
0.000902076	47
0.000897595	48
0.000885255	49
0.000898395	50
0.000890971	51
0.000910581	52
0.000894886	53
0.000899774	54
0.000883967	55
0.000875169	56
0.00088243	57
0.00086859	58
0.000855356	59
0.000845594	60
0.000831735	61
0.000820881	62
0.000813194	63
0.000807941	64
0.000795459	65
0.000788576	66
0.000785892	67
0.000780017	68
0.000792926	69
0.000784647	70
0.000773695	71
0.000762875	72
0.000760376	73
0.000754493	74
0.0007449	75
0.000735604	76
0.000735447	77
0.000727663	78
0.000718428	79
0.000709417	80
0.000702503	81
0.000695539	82
0.00069366	83
0.000685622	84
0.000686506	85
0.000692417	86
0.000684413	87
0.000678614	88
0.000671169	89
0.000664623	90
0.000661807	91
0.000656631	92
0.000650584	93
0.000646505	94
0.000639883	95
0.000638278	96
0.000633758	97
0.00063371	98
0.000635991	99
0.00064135	100
