3.14648	1
3.14387	2
3.14135	3
3.14119	4
3.14231	5
3.14256	6
3.14106	7
3.14151	8
3.14241	9
3.14141	10
3.14081	11
3.14054	12
3.14075	13
3.14009	14
3.14007	15
3.1402	16
3.13969	17
3.13912	18
3.13939	19
3.1397	20
3.1399	21
3.13983	22
3.13966	23
3.14005	24
3.14014	25
3.14014	26
3.1405	27
3.14069	28
3.1408	29
3.14114	30
3.14117	31
3.14109	32
3.14086	33
3.14088	34
3.14095	35
3.14089	36
3.14123	37
3.14128	38
3.14122	39
3.14136	40
3.14108	41
3.14081	42
3.14083	43
3.14079	44
3.14095	45
3.1409	46
3.14114	47
3.14098	48
3.14108	49
3.14131	50
3.14118	51
3.14092	52
3.14087	53
3.14067	54
3.14064	55
3.14075	56
3.14055	57
3.1406	58
3.14055	59
3.14064	60
3.14065	61
3.14072	62
3.14062	63
3.14051	64
3.1405	65
3.14041	66
3.14029	67
3.14039	68
3.14058	69
3.14051	70
3.14053	71
3.14053	72
3.14042	73
3.1405	74
3.14047	75
3.1405	76
3.14062	77
3.14067	78
3.14066	79
3.14067	80
3.14072	81
3.14077	82
3.14086	83
3.14088	84
3.14099	85
3.14113	86
3.14113	87
3.14119	88
3.1412	89
3.14124	90
3.14116	91
3.14121	92
3.14125	93
3.14131	94
3.1413	95
3.14121	96
3.14116	97
3.14125	98
3.14136	99
3.14148	100
