0.000000e+00	1
1.084436e-03	2
9.118218e-04	3
9.296066e-04	4
8.956951e-04	5
7.707279e-04	6
7.089881e-04	7
6.158637e-04	8
6.125899e-04	9
5.549607e-04	10
5.454818e-04	11
4.980986e-04	12
5.091131e-04	13
5.027633e-04	14
4.756962e-04	15
4.503361e-04	16
4.361589e-04	17
4.124774e-04	18
4.022140e-04	19
3.846717e-04	20
3.680283e-04	21
3.576344e-04	22
3.417316e-04	23
3.294065e-04	24
3.173770e-04	25
3.057802e-04	26
2.968830e-04	27
3.007189e-04	28
2.912458e-04	29
2.835286e-04	30
3.014751e-04	31
2.919070e-04	32
2.869160e-04	33
2.831999e-04	34
2.754147e-04	35
2.686350e-04	36
2.622674e-04	37
2.574426e-04	38
2.510037e-04	39
2.543427e-04	40
2.484047e-04	41
2.424281e-04	42
2.406716e-04	43
2.395279e-04	44
2.341455e-04	45
2.294544e-04	46
2.245198e-04	47
2.198369e-04	48
2.155183e-04	49
2.112478e-04	50
2.206648e-04	51
2.165435e-04	52
2.130862e-04	53
2.129782e-04	54
2.090702e-04	55
2.098378e-04	56
2.063991e-04	57
2.031471e-04	58
2.019090e-04	59
1.985883e-04	60
1.953175e-04	61
1.983750e-04	62
1.966370e-04	63
1.936521e-04	64
1.908517e-04	65
1.879391e-04	66
1.855890e-04	67
1.835851e-04	68
1.811553e-04	69
1.796847e-04	70
1.807217e-04	71
1.788264e-04	72
1.776888e-04	73
1.755021e-04	74
1.733355e-04	75
1.710396e-04	76
1.701468e-04	77
1.764998e-04	78
1.744373e-04	79
1.725994e-04	80
1.707687e-04	81
1.692692e-04	82
1.706086e-04	83
1.687244e-04	84
1.667770e-04	85
1.648947e-04	86
1.631574e-04	87
1.615298e-04	88
1.603819e-04	89
1.591706e-04	90
1.575341e-04	91
1.558510e-04	92
1.555366e-04	93
1.538974e-04	94
1.524025e-04	95
1.511492e-04	96
1.500085e-04	97
1.494446e-04	98
1.544176e-04	99
1.532260e-04	100
