0.000000e+00	1
2.146952e-04	2
1.505538e-04	3
1.668662e-04	4
1.330519e-04	5
1.223890e-04	6
1.058354e-04	7
9.273609e-05	8
8.877759e-05	9
8.363294e-05	10
8.911204e-05	11
8.207152e-05	12
7.559258e-05	13
7.759393e-05	14
9.727058e-05	15
9.170408e-05	16
8.648856e-05	17
8.280653e-05	18
7.832718e-05	19
7.736954e-05	20
7.689402e-05	21
7.687834e-05	22
7.355915e-05	23
7.101585e-05	24
6.915007e-05	25
6.832184e-05	26
6.618096e-05	27
6.849273e-05	28
7.008529e-05	29
6.991454e-05	30
6.789934e-05	31
6.581297e-05	32
6.816424e-05	33
6.615119e-05	34
6.426684e-05	35
6.247165e-05	36
6.205973e-05	37
6.209802e-05	38
6.076390e-05	39
5.922669e-05	40
5.822656e-05	41
5.750366e-05	42
5.658934e-05	43
5.530805e-05	44
5.444255e-05	45
5.324950e-05	46
5.223984e-05	47
5.114358e-05	48
5.008943e-05	49
5.041822e-05	50
4.991736e-05	51
4.940510e-05	52
4.846727e-05	53
4.789264e-05	54
4.736079e-05	55
4.713507e-05	56
4.656224e-05	57
4.789461e-05	58
4.715098e-05	59
4.653293e-05	60
4.700884e-05	61
4.720235e-05	62
4.681631e-05	63
4.608244e-05	64
4.539607e-05	65
4.472881e-05	66
4.416429e-05	67
4.385605e-05	68
4.321950e-05	69
4.294280e-05	70
4.296585e-05	71
4.250612e-05	72
4.192463e-05	73
4.163426e-05	74
4.181335e-05	75
4.127949e-05	76
4.188718e-05	77
4.162136e-05	78
4.109161e-05	79
4.081949e-05	80
4.059049e-05	81
4.011783e-05	82
4.125395e-05	83
4.181746e-05	84
4.154722e-05	85
4.114077e-05	86
4.216837e-05	87
4.173104e-05	88
4.125990e-05	89
4.100367e-05	90
4.126660e-05	91
4.081574e-05	92
4.044334e-05	93
4.022291e-05	94
3.991860e-05	95
3.964526e-05	96
3.952626e-05	97
3.919078e-05	98
3.896470e-05	99
3.865101e-05	100
