19.9457	1
17.7516	2
16.5332	3
16.2382	4
15.7755	5
16.0333	6
15.9011	7
15.8475	8
15.6614	9
15.4901	10
15.4104	11
15.113	12
15.1667	13
15.1492	14
15.0511	15
15.2044	16
15.3625	17
15.2642	18
15.3278	19
15.2454	20
15.1592	21
14.9134	22
14.9473	23
15.0026	24
15.1935	25
15.2239	26
15.1438	27
15.145	28
15.2086	29
15.1086	30
15.1055	31
15.0715	32
15.0899	33
15.2091	34
15.2686	35
15.2578	36
15.2618	37
15.2011	38
15.0728	39
15.0975	40
15.1124	41
15.109	42
15.0452	43
15.0162	44
14.9381	45
14.9571	46
14.9258	47
14.918	48
14.8575	49
14.8019	50
14.8482	51
14.8394	52
14.8523	53
14.8389	54
14.8252	55
14.7941	56
14.758	57
14.7507	58
14.7535	59
14.788	60
14.7619	61
14.7531	62
14.7723	63
14.7853	64
14.82	65
14.8848	66
14.8902	67
14.8981	68
14.8915	69
14.8749	70
14.8926	71
14.8642	72
14.8796	73
14.8796	74
14.8899	75
14.9274	76
14.976	77
14.9879	78
15.0111	79
15.0276	80
15.0072	81
15.017	82
15.0236	83
15.006	84
14.984	85
15.0145	86
14.9828	87
15.0077	88
14.9448	89
14.9785	90
14.9593	91
14.9564	92
14.929	93
14.9662	94
14.9757	95
14.9384	96
14.9297	97
14.9176	98
14.9408	99
14.9282	100
