1.507401e+01	1
1.446581e+01	2
1.430805e+01	3
1.420295e+01	4
1.374254e+01	5
1.403638e+01	6
1.440074e+01	7
1.501151e+01	8
1.458510e+01	9
1.470228e+01	10
1.491668e+01	11
1.505066e+01	12
1.508148e+01	13
1.526507e+01	14
1.550582e+01	15
1.530084e+01	16
1.516594e+01	17
1.521565e+01	18
1.506962e+01	19
1.505943e+01	20
1.493256e+01	21
1.482811e+01	22
1.494114e+01	23
1.485525e+01	24
1.502361e+01	25
1.497814e+01	26
1.483566e+01	27
1.488645e+01	28
1.497707e+01	29
1.495764e+01	30
1.504529e+01	31
1.501248e+01	32
1.496275e+01	33
1.498476e+01	34
1.494067e+01	35
1.485850e+01	36
1.486224e+01	37
1.489443e+01	38
1.482931e+01	39
1.474608e+01	40
1.472230e+01	41
1.473644e+01	42
1.473306e+01	43
1.482594e+01	44
1.489520e+01	45
1.487178e+01	46
1.488200e+01	47
1.489949e+01	48
1.489448e+01	49
1.486991e+01	50
1.485113e+01	51
1.485464e+01	52
1.488193e+01	53
1.489314e+01	54
1.486073e+01	55
1.487860e+01	56
1.490604e+01	57
1.491790e+01	58
1.498754e+01	59
1.500872e+01	60
1.501681e+01	61
1.501301e+01	62
1.505605e+01	63
1.504535e+01	64
1.500220e+01	65
1.499706e+01	66
1.502033e+01	67
1.501187e+01	68
1.505245e+01	69
1.508123e+01	70
1.507583e+01	71
1.512298e+01	72
1.513036e+01	73
1.509455e+01	74
1.505379e+01	75
1.505470e+01	76
1.505675e+01	77
1.505969e+01	78
1.506337e+01	79
1.505314e+01	80
1.506008e+01	81
1.510979e+01	82
1.511931e+01	83
1.508159e+01	84
1.504961e+01	85
1.505356e+01	86
1.506909e+01	87
1.505700e+01	88
1.504543e+01	89
1.506502e+01	90
1.512226e+01	91
1.512293e+01	92
1.507811e+01	93
1.509121e+01	94
1.504332e+01	95
1.502261e+01	96
1.503027e+01	97
1.503304e+01	98
1.500762e+01	99
1.497766e+01	100
