0.000000e+00	1
1.029827e+00	2
7.972946e-01	3
7.140772e-01	4
5.864794e-01	5
4.816017e-01	6
4.100955e-01	7
3.565656e-01	8
3.209042e-01	9
2.903442e-01	10
2.646372e-01	11
2.869426e-01	12
2.668554e-01	13
2.473721e-01	14
2.304138e-01	15
2.212944e-01	16
2.078864e-01	17
2.015928e-01	18
1.921698e-01	19
1.916457e-01	20
1.850741e-01	21
1.778138e-01	22
1.771145e-01	23
1.701653e-01	24
1.632242e-01	25
1.569998e-01	26
1.561059e-01	27
1.506199e-01	28
1.456726e-01	29
1.451473e-01	30
1.447488e-01	31
1.501105e-01	32
1.485644e-01	33
1.443655e-01	34
1.407092e-01	35
1.407260e-01	36
1.375439e-01	37
1.353688e-01	38
1.321849e-01	39
1.322699e-01	40
1.323475e-01	41
1.294601e-01	42
1.270541e-01	43
1.242134e-01	44
1.215368e-01	45
1.204745e-01	46
1.178839e-01	47
1.158877e-01	48
1.138767e-01	49
1.167598e-01	50
1.144540e-01	51
1.127518e-01	52
1.109655e-01	53
1.098001e-01	54
1.078026e-01	55
1.065882e-01	56
1.058367e-01	57
1.044749e-01	58
1.032645e-01	59
1.016768e-01	60
1.001747e-01	61
9.859574e-02	62
9.708402e-02	63
9.558551e-02	64
9.579328e-02	65
9.620360e-02	66
9.757418e-02	67
9.617086e-02	68
9.528750e-02	69
9.437548e-02	70
9.324359e-02	71
9.308525e-02	72
9.180161e-02	73
9.068106e-02	74
8.978915e-02	75
8.975665e-02	76
8.970044e-02	77
8.915732e-02	78
8.848463e-02	79
8.753170e-02	80
8.644544e-02	81
8.541146e-02	82
8.438845e-02	83
8.583830e-02	84
8.591171e-02	85
8.591497e-02	86
8.723102e-02	87
8.623434e-02	88
8.564010e-02	89
8.483686e-02	90
8.421003e-02	91
8.468483e-02	92
8.591042e-02	93
8.668005e-02	94
9.043419e-02	95
8.950226e-02	96
8.865564e-02	97
8.790227e-02	98
8.701101e-02	99
8.615991e-02	100
