5.508148e+00	1
5.649588e+00	2
5.144813e+00	3
4.985214e+00	4
5.012511e+00	5
5.152167e+00	6
5.155924e+00	7
4.993563e+00	8
5.062991e+00	9
5.130557e+00	10
5.116173e+00	11
5.141135e+00	12
5.214275e+00	13
5.200307e+00	14
5.054815e+00	15
5.130652e+00	16
5.203820e+00	17
5.117889e+00	18
5.221704e+00	19
5.272055e+00	20
5.264370e+00	21
5.267111e+00	22
5.304573e+00	23
5.300111e+00	24
5.218548e+00	25
5.272293e+00	26
5.308552e+00	27
5.309421e+00	28
5.324685e+00	29
5.296185e+00	30
5.283201e+00	31
5.246606e+00	32
5.291705e+00	33
5.251585e+00	34
5.219263e+00	35
5.250479e+00	36
5.281151e+00	37
5.266906e+00	38
5.282250e+00	39
5.358653e+00	40
5.368759e+00	41
5.351552e+00	42
5.327732e+00	43
5.331387e+00	44
5.318779e+00	45
5.333840e+00	46
5.337980e+00	47
5.323668e+00	48
5.304106e+00	49
5.316785e+00	50
5.321689e+00	51
5.314164e+00	52
5.321472e+00	53
5.310720e+00	54
5.343667e+00	55
5.347225e+00	56
5.356582e+00	57
5.350455e+00	58
5.328812e+00	59
5.338529e+00	60
5.347230e+00	61
5.328784e+00	62
5.330217e+00	63
5.343462e+00	64
5.345094e+00	65
5.319300e+00	66
5.319922e+00	67
5.317779e+00	68
5.295135e+00	69
5.291066e+00	70
5.301286e+00	71
5.298329e+00	72
5.288093e+00	73
5.304853e+00	74
5.304785e+00	75
5.305062e+00	76
5.299505e+00	77
5.292952e+00	78
5.300955e+00	79
5.311889e+00	80
5.310063e+00	81
5.299381e+00	82
5.302119e+00	83
5.308817e+00	84
5.306591e+00	85
5.306307e+00	86
5.310388e+00	87
5.306780e+00	88
5.311898e+00	89
5.301288e+00	90
5.297212e+00	91
5.293223e+00	92
5.300988e+00	93
5.307257e+00	94
5.300992e+00	95
5.304907e+00	96
5.295870e+00	97
5.292424e+00	98
5.306211e+00	99
5.329565e+00	100
