-0.971408            -0.237416
-0.200895             0.979613
-0.993273             0.115793
0.999316            0.0369696
0.219871             0.975529
0.993711             0.111976
0.753196             0.657796
-0.953885            -0.300172
-0.056694             0.998392
0.635114             0.772419
0.817287             -0.57623
0.657094             0.753808
0.0653234             0.997864
0.491101            -0.871103
-0.00772616             -0.99997
-0.641712            -0.766946
0.301728             0.953394
0.540604             0.841277
-0.454373            -0.890812
0.919697             0.392628
-0.808691             0.588234
-0.464363             0.885645
0.996383           -0.0849741
-0.552845             0.833284
-0.922399             0.386238
0.983789             0.179328
0.566061            -0.824364
-0.986208            -0.165512
-0.888071            -0.459706
0.606456            -0.795117
-0.299036            -0.954242
0.577871            -0.816128
-0.187039             0.982352
0.921547            -0.388267
