0	1
0.00155792	2
0.00120282	3
0.000899791	4
0.000715043	5
0.000640653	6
0.000542659	7
0.000662868	8
0.000934832	9
0.000856093	10
0.000827402	11
0.000756671	12
0.000710678	13
0.000663365	14
0.000678858	15
0.000635647	16
0.000605002	17
0.000570524	18
0.000557069	19
0.000546747	20
0.000557917	21
0.00060333	22
0.000581974	23
0.000557328	24
0.000538768	25
0.00051987	26
0.000500331	27
0.00048783	28
0.000471062	29
0.000463749	30
0.000448663	31
0.000442319	32
0.000439241	33
0.000427045	34
0.000426411	35
0.000421369	36
0.000411034	37
0.000401393	38
0.0003921	39
0.000384158	40
0.000379554	41
0.000370674	42
0.000362342	43
0.000358552	44
0.000350858	45
0.000354784	46
0.000349878	47
0.000350929	48
0.00034472	49
0.000338544	50
0.000332272	51
0.000332099	52
0.00032613	53
0.000320732	54
0.000315613	55
0.000311033	56
0.000315636	57
0.000311181	58
0.000310639	59
0.000305995	60
0.000303741	61
0.000300587	62
0.000295779	63
0.000292722	64
0.000293779	65
0.000290846	66
0.000286939	67
0.000282689	68
0.000282442	69
0.000278708	70
0.000275236	71
0.000271554	72
0.000269475	73
0.000266614	74
0.000263367	75
0.000260272	76
0.000257086	77
0.000253775	78
0.000251758	79
0.000248647	80
0.000245987	81
0.00025138	82
0.000248355	83
0.000245397	84
0.000242887	85
0.000242465	86
0.000240559	87
0.000239299	88
0.000236899	89
0.000234324	90
0.000233848	91
0.00023693	92
0.000234405	93
0.000232007	94
0.000231386	95
0.000228963	96
0.000227152	97
0.000227205	98
0.000225092	99
0.000222892	100
