0.0834513	1
0.0850092	2
0.0842106	3
0.0845043	4
0.0843446	5
0.0846083	6
0.0846445	7
0.084177	8
0.0834475	9
0.0832638	10
0.0835553	11
0.0836006	12
0.0837441	13
0.0836596	14
0.0839415	15
0.0839132	16
0.0838156	17
0.0838038	18
0.083942	19
0.0838018	20
0.0835998	21
0.0833151	22
0.0833948	23
0.0834068	24
0.0834739	25
0.0835221	26
0.0835314	27
0.0836058	28
0.0835875	29
0.0834983	30
0.0834878	31
0.0835711	32
0.0834754	33
0.0835034	34
0.0836028	35
0.0835265	36
0.0834949	37
0.0834624	38
0.0834326	39
0.0834716	40
0.0834109	41
0.0833969	42
0.0834137	43
0.0834706	44
0.0834866	45
0.0833964	46
0.0833529	47
0.0834293	48
0.0834559	49
0.083479	50
0.083462	51
0.0835263	52
0.0835415	53
0.0835627	54
0.0835847	55
0.0836109	56
0.0836901	57
0.0837155	58
0.0837698	59
0.083751	60
0.0837098	61
0.0837425	62
0.0837413	63
0.0837719	64
0.0837149	65
0.0836848	66
0.0837012	67
0.0837017	68
0.0837484	69
0.083762	70
0.0837782	71
0.0837687	72
0.0837388	73
0.0837595	74
0.0837463	75
0.083732	76
0.0837214	77
0.0837232	78
0.0836985	79
0.0836932	80
0.0836787	81
0.0836142	82
0.0836109	83
0.0836137	84
0.0835998	85
0.083634	86
0.0836132	87
0.0836399	88
0.0836279	89
0.0836221	90
0.0836534	91
0.0836021	92
0.0835979	93
0.0835908	94
0.0835617	95
0.0835615	96
0.0835774	97
0.0835446	98
0.0835353	99
0.0835406	100
