0.000000e+00	1
6.082038e-01	2
3.849569e-01	3
2.917901e-01	4
5.128979e-01	5
5.115807e-01	6
5.654195e-01	7
7.828241e-01	8
8.114533e-01	9
7.351838e-01	10
6.987086e-01	11
6.517510e-01	12
6.003149e-01	13
5.853220e-01	14
5.957183e-01	15
5.937461e-01	16
5.738101e-01	17
5.432719e-01	18
5.342274e-01	19
5.069151e-01	20
4.985846e-01	21
4.867207e-01	22
4.786167e-01	23
4.662216e-01	24
4.778286e-01	25
4.613296e-01	26
4.662202e-01	27
4.521231e-01	28
4.455671e-01	29
4.308971e-01	30
4.258833e-01	31
4.136629e-01	32
4.040039e-01	33
3.925585e-01	34
3.837188e-01	35
3.818528e-01	36
3.714080e-01	37
3.629324e-01	38
3.594531e-01	39
3.601021e-01	40
3.520130e-01	41
3.438204e-01	42
3.357464e-01	43
3.409251e-01	44
3.403832e-01	45
3.337242e-01	46
3.267063e-01	47
3.203056e-01	48
3.137407e-01	49
3.083823e-01	50
3.028579e-01	51
2.969974e-01	52
2.926151e-01	53
2.873641e-01	54
2.839473e-01	55
2.794031e-01	56
2.758256e-01	57
2.712875e-01	58
2.755949e-01	59
2.717892e-01	60
2.674190e-01	61
2.630980e-01	62
2.624430e-01	63
2.585313e-01	64
2.581553e-01	65
2.542658e-01	66
2.515212e-01	67
2.479391e-01	68
2.476652e-01	69
2.457924e-01	70
2.423659e-01	71
2.435819e-01	72
2.403356e-01	73
2.397562e-01	74
2.400232e-01	75
2.368457e-01	76
2.337586e-01	77
2.307609e-01	78
2.278508e-01	79
2.252169e-01	80
2.225271e-01	81
2.253482e-01	82
2.228200e-01	83
2.233592e-01	84
2.230207e-01	85
2.204477e-01	86
2.184518e-01	87
2.162937e-01	88
2.141621e-01	89
2.126728e-01	90
2.179741e-01	91
2.155928e-01	92
2.179216e-01	93
2.159890e-01	94
2.190053e-01	95
2.176986e-01	96
2.155785e-01	97
2.133854e-01	98
2.127433e-01	99
2.127246e-01	100
