3.950671e+00	1
4.980498e+00	2
5.511689e+00	3
5.073434e+00	4
5.268407e+00	5
5.319737e+00	6
5.369805e+00	7
5.401511e+00	8
5.465492e+00	9
5.509266e+00	10
5.476703e+00	11
5.631543e+00	12
5.592264e+00	13
5.604685e+00	14
5.612211e+00	15
5.562041e+00	16
5.564659e+00	17
5.517492e+00	18
5.541312e+00	19
5.482221e+00	20
5.514194e+00	21
5.536084e+00	22
5.486073e+00	23
5.471902e+00	24
5.473446e+00	25
5.480944e+00	26
5.441625e+00	27
5.434013e+00	28
5.424077e+00	29
5.459600e+00	30
5.494866e+00	31
5.548629e+00	32
5.518565e+00	33
5.510298e+00	34
5.498108e+00	35
5.531345e+00	36
5.517743e+00	37
5.537795e+00	38
5.547169e+00	39
5.577104e+00	40
5.606667e+00	41
5.597826e+00	42
5.610568e+00	43
5.606097e+00	44
5.600809e+00	45
5.581184e+00	46
5.581539e+00	47
5.592139e+00	48
5.601419e+00	49
5.567015e+00	50
5.565795e+00	51
5.554974e+00	52
5.546025e+00	53
5.531926e+00	54
5.529993e+00	55
5.542430e+00	56
5.526970e+00	57
5.536962e+00	58
5.547850e+00	59
5.542367e+00	60
5.548347e+00	61
5.545208e+00	62
5.541631e+00	63
5.539218e+00	64
5.521304e+00	65
5.502414e+00	66
5.525692e+00	67
5.528544e+00	68
5.538491e+00	69
5.529194e+00	70
5.535401e+00	71
5.520841e+00	72
5.520584e+00	73
5.515758e+00	74
5.508121e+00	75
5.493757e+00	76
5.507870e+00	77
5.518318e+00	78
5.527360e+00	79
5.532652e+00	80
5.533095e+00	81
5.535232e+00	82
5.536674e+00	83
5.516269e+00	84
5.529907e+00	85
5.543029e+00	86
5.523091e+00	87
5.523312e+00	88
5.515251e+00	89
5.510148e+00	90
5.502921e+00	91
5.518230e+00	92
5.499169e+00	93
5.516195e+00	94
5.544884e+00	95
5.546526e+00	96
5.550312e+00	97
5.545078e+00	98
5.544627e+00	99
5.546635e+00	100
