0.000000e+00	1
1.654054e+00	2
1.939168e+00	3
1.387872e+00	4
1.131516e+00	5
9.360220e-01	6
8.131840e-01	7
7.044708e-01	8
6.852828e-01	9
6.130193e-01	10
5.725923e-01	11
6.260785e-01	12
5.770995e-01	13
5.346820e-01	14
4.977819e-01	15
4.844563e-01	16
4.681467e-01	17
4.465032e-01	18
4.227689e-01	19
4.032073e-01	20
4.106015e-01	21
4.420193e-01	22
4.223818e-01	23
4.217372e-01	24
4.415903e-01	25
4.286593e-01	26
4.145446e-01	27
4.019169e-01	28
3.893589e-01	29
3.789403e-01	30
3.686150e-01	31
3.616508e-01	32
3.551400e-01	33
3.554892e-01	34
3.524778e-01	35
3.434042e-01	36
3.345114e-01	37
3.356995e-01	38
3.389807e-01	39
3.323397e-01	40
3.257647e-01	41
3.180881e-01	42
3.121272e-01	43
3.096954e-01	44
3.078918e-01	45
3.016908e-01	46
2.955509e-01	47
3.089734e-01	48
3.042815e-01	49
2.996132e-01	50
2.967935e-01	51
2.937987e-01	52
2.907972e-01	53
2.870296e-01	54
2.844451e-01	55
2.834053e-01	56
2.784445e-01	57
2.737054e-01	58
2.690910e-01	59
2.659214e-01	60
2.626979e-01	61
2.584606e-01	62
2.558804e-01	63
2.518543e-01	64
2.684566e-01	65
2.650564e-01	66
2.623397e-01	67
2.585159e-01	68
2.548283e-01	69
2.511674e-01	70
2.477684e-01	71
2.466248e-01	72
2.433390e-01	73
2.402220e-01	74
2.424924e-01	75
2.448205e-01	76
2.418847e-01	77
2.387875e-01	78
2.369235e-01	79
2.341660e-01	80
2.313061e-01	81
2.299493e-01	82
2.288888e-01	83
2.261578e-01	84
2.235342e-01	85
2.226917e-01	86
2.230218e-01	87
2.296395e-01	88
2.281208e-01	89
2.258536e-01	90
2.233866e-01	91
2.239063e-01	92
2.249307e-01	93
2.225477e-01	94
2.225100e-01	95
2.203456e-01	96
2.183252e-01	97
2.173464e-01	98
2.156132e-01	99
2.134641e-01	100
