0.000000e+00	1
1.414401e-01	2
5.113370e-01	3
3.952274e-01	4
3.073563e-01	5
2.871975e-01	6
2.427553e-01	7
2.656288e-01	8
2.443343e-01	9
2.287454e-01	10
2.074073e-01	11
1.909745e-01	12
1.902886e-01	13
1.767259e-01	14
2.196262e-01	15
2.189919e-01	16
2.183322e-01	17
2.230617e-01	18
2.351520e-01	19
2.286964e-01	20
2.176694e-01	21
2.075577e-01	22
2.018353e-01	23
1.932941e-01	24
2.025491e-01	25
2.018881e-01	26
1.976217e-01	27
1.904350e-01	28
1.843838e-01	29
1.803972e-01	30
1.749633e-01	31
1.733150e-01	32
1.739297e-01	33
1.734407e-01	34
1.714859e-01	35
1.695526e-01	36
1.677346e-01	37
1.638811e-01	38
1.603594e-01	39
1.739737e-01	40
1.699781e-01	41
1.667717e-01	42
1.645800e-01	43
1.608376e-01	44
1.577275e-01	45
1.549940e-01	46
1.517170e-01	47
1.492106e-01	48
1.474371e-01	49
1.450136e-01	50
1.422263e-01	51
1.396673e-01	52
1.372015e-01	53
1.350653e-01	54
1.366189e-01	55
1.342043e-01	56
1.321605e-01	57
1.300064e-01	58
1.296037e-01	59
1.277952e-01	60
1.259836e-01	61
1.253002e-01	62
1.233036e-01	63
1.220823e-01	64
1.202005e-01	65
1.211432e-01	66
1.193231e-01	67
1.175747e-01	68
1.180502e-01	69
1.164227e-01	70
1.152254e-01	71
1.136522e-01	72
1.125510e-01	73
1.122775e-01	74
1.107704e-01	75
1.093035e-01	76
1.080177e-01	77
1.068251e-01	78
1.057674e-01	79
1.050077e-01	80
1.037193e-01	81
1.030020e-01	82
1.017903e-01	83
1.007940e-01	84
9.962602e-02	85
9.846117e-02	86
9.740838e-02	87
9.636266e-02	88
9.541111e-02	89
9.493970e-02	90
9.397905e-02	91
9.303749e-02	92
9.235869e-02	93
9.158564e-02	94
9.083273e-02	95
8.996679e-02	96
8.949187e-02	97
8.864102e-02	98
8.881771e-02	99
9.097377e-02	100
