1	1
1.41556	2
1.73124	3
1.99193	4
2.23626	5
2.44647	6
2.64178	7
2.82109	8
2.98758	9
3.15264	10
3.30788	11
3.44308	12
3.58055	13
3.71453	14
3.83607	15
3.96338	16
4.09751	17
4.22904	18
4.33983	19
4.45979	20
4.57691	21
4.68553	22
4.79485	23
4.89644	24
4.9942	25
5.0892	26
5.19889	27
5.30623	28
5.38581	29
5.47472	30
5.57308	31
5.65868	32
5.74108	33
5.82138	34
5.91138	35
5.99201	36
6.06308	37
6.14754	38
6.22945	39
6.31827	40
6.39228	41
6.46444	42
6.54267	43
6.63163	44
6.71226	45
6.78016	46
6.87034	47
6.94427	48
7.00718	49
7.08755	50
7.15115	51
7.22257	52
7.28929	53
7.34308	54
7.4124	55
7.47655	56
7.53722	57
7.59711	58
7.65784	59
7.72784	60
7.79038	61
7.85285	62
7.91845	63
7.97546	64
8.03994	65
8.10029	66
8.16169	67
8.22847	68
8.28399	69
8.33873	70
8.4038	71
8.46297	72
8.53071	73
8.58821	74
8.64192	75
8.70926	76
8.76937	77
8.82237	78
8.88532	79
8.93688	80
8.98692	81
9.04609	82
9.10452	83
9.16035	84
9.20118	85
9.24498	86
9.3011	87
9.35463	88
9.4041	89
9.45648	90
9.51034	91
9.5623	92
9.61302	93
9.65977	94
9.71404	95
9.76851	96
9.81801	97
9.86868	98
9.91834	99
9.97237	100
