    # BLOCK:          ACTUAL_TE:              TE_AVE:              ERROR:
           1         1.978446e+01         1.978446e+01         0.000000e+00
           2         1.879455e+01         1.928951e+01         3.499870e-01
           3         1.909626e+01         1.922509e+01         2.391792e-01
           4         1.975473e+01         1.935750e+01         2.129032e-01
           5         1.977052e+01         1.944010e+01         1.856568e-01
           6         1.993951e+01         1.952334e+01         1.723653e-01
           7         1.948727e+01         1.951819e+01         1.478187e-01
           8         1.927303e+01         1.948754e+01         1.324797e-01
           9         1.944007e+01         1.948227e+01         1.178647e-01
          10         1.938027e+01         1.947207e+01         1.065186e-01
          11         1.925786e+01         1.945259e+01         9.859910e-02
          12         1.941333e+01         1.944932e+01         9.043679e-02
          13         2.007091e+01         1.949714e+01         9.528526e-02
          14         1.928980e+01         1.948233e+01         8.962269e-02
          15         1.986094e+01         1.950757e+01         8.712966e-02
          16         1.976486e+01         1.952365e+01         8.315474e-02
          17         1.927843e+01         1.950922e+01         7.950456e-02
          18         1.949188e+01         1.950826e+01         7.509348e-02
          19         1.923613e+01         1.949394e+01         7.249424e-02
          20         1.948595e+01         1.949354e+01         6.887063e-02
          21         1.942156e+01         1.949011e+01         6.567630e-02
          22         1.944664e+01         1.948813e+01         6.272073e-02
          23         1.948420e+01         1.948796e+01         5.999398e-02
          24         1.992705e+01         1.950626e+01         6.021926e-02
          25         1.958037e+01         1.950922e+01         5.788340e-02
          26         1.924321e+01         1.949899e+01         5.655410e-02
          27         1.892341e+01         1.947767e+01         5.833919e-02
          28         1.943144e+01         1.947602e+01         5.627901e-02
          29         1.933765e+01         1.947125e+01         5.454024e-02
          30         1.937728e+01         1.946812e+01         5.281211e-02
          31         1.981300e+01         1.947924e+01         5.226718e-02
          32         1.926647e+01         1.947259e+01         5.105502e-02
          33         1.920823e+01         1.946458e+01         5.013246e-02
          34         1.976839e+01         1.947352e+01         4.944786e-02
          35         1.948559e+01         1.947386e+01         4.803627e-02
          36         1.940970e+01         1.947208e+01         4.673498e-02
          37         1.955958e+01         1.947445e+01         4.553166e-02
          38         1.929969e+01         1.946985e+01         4.456511e-02
          39         1.931120e+01         1.946578e+01         4.360766e-02
          40         1.938048e+01         1.946365e+01         4.256957e-02
          41         1.912625e+01         1.945542e+01         4.231922e-02
          42         1.954242e+01         1.945749e+01         4.136229e-02
          43         1.924151e+01         1.945247e+01         4.070419e-02
          44         1.921294e+01         1.944702e+01         4.014146e-02
          45         1.928362e+01         1.944339e+01         3.941333e-02
          46         1.968612e+01         1.944867e+01         3.890812e-02
          47         1.961473e+01         1.945220e+01         3.824038e-02
          48         1.989992e+01         1.946153e+01         3.856447e-02
          49         1.920328e+01         1.945626e+01         3.813589e-02
          50         1.908162e+01         1.944877e+01         3.810215e-02
          51         1.992763e+01         1.945816e+01         3.849457e-02
          52         1.985969e+01         1.946588e+01         3.852100e-02
          53         1.957559e+01         1.946795e+01         3.784977e-02
          54         1.976398e+01         1.947343e+01         3.754375e-02
          55         1.928686e+01         1.947004e+01         3.701407e-02
          56         1.970222e+01         1.947418e+01         3.658458e-02
          57         1.958214e+01         1.947608e+01         3.599174e-02
          58         1.956380e+01         1.947759e+01         3.540296e-02
          59         1.946300e+01         1.947734e+01         3.480378e-02
          60         1.945898e+01         1.947704e+01         3.422506e-02
          61         1.954295e+01         1.947812e+01         3.368104e-02
          62         1.971825e+01         1.948199e+01         3.335976e-02
          63         1.953665e+01         1.948286e+01         3.284152e-02
          64         1.988126e+01         1.948908e+01         3.291306e-02
          65         2.009829e+01         1.949846e+01         3.371478e-02
          66         1.910601e+01         1.949251e+01         3.372422e-02
          67         1.965525e+01         1.949494e+01         3.330823e-02
          68         1.930853e+01         1.949220e+01         3.293101e-02
          69         1.938879e+01         1.949070e+01         3.248783e-02
          70         1.934330e+01         1.948859e+01         3.209189e-02
          71         1.954052e+01         1.948932e+01         3.164822e-02
          72         1.985810e+01         1.949445e+01         3.162042e-02
          73         1.938568e+01         1.949296e+01         3.122234e-02
          74         1.964685e+01         1.949504e+01         3.086960e-02
          75         1.990317e+01         1.950048e+01         3.093393e-02
          76         1.937072e+01         1.949877e+01         3.057399e-02
          77         1.977828e+01         1.950240e+01         3.039165e-02
          78         1.942870e+01         1.950145e+01         3.001670e-02
          79         1.929000e+01         1.949878e+01         2.975584e-02
          80         1.925656e+01         1.949575e+01         2.953754e-02
          81         1.929852e+01         1.949332e+01         2.927307e-02
          82         1.915308e+01         1.948917e+01         2.920865e-02
          83         1.950797e+01         1.948939e+01         2.885762e-02
          84         1.989896e+01         1.949427e+01         2.892306e-02
          85         1.947633e+01         1.949406e+01         2.858356e-02
          86         1.947228e+01         1.949380e+01         2.825231e-02
          87         1.988001e+01         1.949824e+01         2.827417e-02
          88         1.982117e+01         1.950191e+01         2.819000e-02
          89         1.933046e+01         1.949999e+01         2.793901e-02
          90         1.943604e+01         1.949928e+01         2.763760e-02
          91         1.898729e+01         1.949365e+01         2.790069e-02
          92         1.937818e+01         1.949240e+01         2.762563e-02
          93         1.960900e+01         1.949365e+01         2.735702e-02
          94         1.988813e+01         1.949785e+01         2.738598e-02
          95         1.925850e+01         1.949533e+01         2.721335e-02
          96         1.927100e+01         1.949299e+01         2.703002e-02
          97         1.921357e+01         1.949011e+01         2.690442e-02
          98         1.944207e+01         1.948962e+01         2.663435e-02
          99         1.898688e+01         1.948454e+01         2.684505e-02
         100         1.943476e+01         1.948404e+01         2.658122e-02
         101         1.930542e+01         1.948227e+01         2.637681e-02
         102         1.944838e+01         1.948194e+01         2.612030e-02
         103         1.933184e+01         1.948048e+01         2.590733e-02
         104         1.972593e+01         1.948284e+01         2.576550e-02
         105         1.974860e+01         1.948538e+01         2.564412e-02
         106         1.945470e+01         1.948509e+01         2.540383e-02
         107         1.947091e+01         1.948495e+01         2.516676e-02
         108         1.968575e+01         1.948681e+01         2.500232e-02
         109         1.947091e+01         1.948667e+01         2.477336e-02
         110         1.957586e+01         1.948748e+01         2.456142e-02
         111         1.935368e+01         1.948627e+01         2.436970e-02
         112         1.980891e+01         1.948915e+01         2.432179e-02
         113         1.941290e+01         1.948848e+01         2.411591e-02
         114         1.954769e+01         1.948900e+01         2.390996e-02
         115         1.906830e+01         1.948534e+01         2.398027e-02
         116         1.962147e+01         1.948651e+01         2.380224e-02
         117         1.933328e+01         1.948520e+01         2.363481e-02
         118         1.964500e+01         1.948656e+01         2.347328e-02
         119         1.939330e+01         1.948577e+01         2.328910e-02
         120         1.911100e+01         1.948265e+01         2.330349e-02
         121         1.952146e+01         1.948297e+01         2.311311e-02
         122         1.901435e+01         1.947913e+01         2.324064e-02
         123         1.935519e+01         1.947812e+01         2.307353e-02
         124         1.986766e+01         1.948126e+01         2.310031e-02
         125         1.942355e+01         1.948080e+01         2.292012e-02
         126         1.955094e+01         1.948136e+01         2.274497e-02
         127         1.943295e+01         1.948098e+01         2.256907e-02
         128         1.937258e+01         1.948013e+01         2.240863e-02
         129         1.923058e+01         1.947820e+01         2.231827e-02
         130         1.964298e+01         1.947946e+01         2.218256e-02
         131         1.957113e+01         1.948016e+01         2.202426e-02
         132         2.020698e+01         1.948567e+01         2.253518e-02
         133         1.961615e+01         1.948665e+01         2.238709e-02
         134         1.948973e+01         1.948667e+01         2.222003e-02
         135         1.964372e+01         1.948784e+01         2.208587e-02
         136         1.973766e+01         1.948967e+01         2.199973e-02
         137         1.935139e+01         1.948866e+01         2.186229e-02
         138         1.915753e+01         1.948627e+01         2.183516e-02
         139         1.944698e+01         1.948598e+01         2.167990e-02
         140         1.967533e+01         1.948734e+01         2.156719e-02
         141         1.900187e+01         1.948389e+01         2.168732e-02
         142         1.978377e+01         1.948600e+01         2.163716e-02
         143         1.942904e+01         1.948561e+01         2.148952e-02
         144         1.959702e+01         1.948638e+01         2.135421e-02
         145         1.983974e+01         1.948882e+01         2.134554e-02
         146         1.936055e+01         1.948794e+01         2.121741e-02
         147         1.951350e+01         1.948811e+01         2.107379e-02
         148         1.942888e+01         1.948771e+01         2.093520e-02
         149         1.930736e+01         1.948650e+01         2.082965e-02
         150         1.965758e+01         1.948764e+01         2.072199e-02
         151         1.913064e+01         1.948528e+01         2.071919e-02
         152         1.956840e+01         1.948582e+01         2.059010e-02
         153         1.939208e+01         1.948521e+01         2.046463e-02
         154         1.943963e+01         1.948492e+01         2.033389e-02
         155         1.949955e+01         1.948501e+01         2.020292e-02
         156         1.925169e+01         1.948351e+01         2.012870e-02
         157         1.964682e+01         1.948455e+01         2.002735e-02
         158         1.942830e+01         1.948420e+01         1.990376e-02
         159         1.967691e+01         1.948541e+01         1.981545e-02
         160         1.963956e+01         1.948637e+01         1.971501e-02
         161         1.961282e+01         1.948716e+01         1.960819e-02
         162         1.956000e+01         1.948761e+01         1.949231e-02
         163         1.935221e+01         1.948678e+01         1.939041e-02
         164         1.966968e+01         1.948789e+01         1.930422e-02
         165         1.996384e+01         1.949078e+01         1.940154e-02
         166         1.940022e+01         1.949023e+01         1.929233e-02
         167         1.955017e+01         1.949059e+01         1.918015e-02
         168         1.939141e+01         1.949000e+01         1.907506e-02
         169         1.936670e+01         1.948927e+01         1.897614e-02
         170         1.906420e+01         1.948677e+01         1.902854e-02
         171         1.911695e+01         1.948461e+01         1.903976e-02
         172         1.935415e+01         1.948385e+01         1.894417e-02
         173         1.945849e+01         1.948370e+01         1.883523e-02
         174         2.003394e+01         1.948687e+01         1.899059e-02
         175         1.954243e+01         1.948718e+01         1.888473e-02
         176         1.957237e+01         1.948767e+01         1.878363e-02
         177         1.961461e+01         1.948838e+01         1.869119e-02
         178         1.880697e+01         1.948456e+01         1.897416e-02
         179         1.969491e+01         1.948573e+01         1.890452e-02
         180         1.956506e+01         1.948617e+01         1.880463e-02
         181         1.989345e+01         1.948842e+01         1.883488e-02
         182         1.955921e+01         1.948881e+01         1.873541e-02
         183         1.971481e+01         1.949005e+01         1.867368e-02
         184         1.941846e+01         1.948966e+01         1.857625e-02
         185         1.972113e+01         1.949091e+01         1.851793e-02
         186         1.894212e+01         1.948796e+01         1.865194e-02
         187         1.994124e+01         1.949038e+01         1.870904e-02
         188         1.908370e+01         1.948822e+01         1.873416e-02
         189         1.905326e+01         1.948592e+01         1.877586e-02
         190         1.942767e+01         1.948561e+01         1.867954e-02
         191         1.967245e+01         1.948659e+01         1.860734e-02
         192         1.938053e+01         1.948604e+01         1.851863e-02
         193         1.943915e+01         1.948579e+01         1.842427e-02
         194         1.972079e+01         1.948700e+01         1.836907e-02
         195         1.998826e+01         1.948958e+01         1.845385e-02
         196         1.910998e+01         1.948764e+01         1.846105e-02
         197         1.946148e+01         1.948751e+01         1.836782e-02
         198         1.897971e+01         1.948494e+01         1.845323e-02
         199         1.975789e+01         1.948631e+01         1.841140e-02
         200         1.991872e+01         1.948847e+01         1.844585e-02
         201         1.912224e+01         1.948665e+01         1.844386e-02
         202         1.995752e+01         1.948898e+01         1.849927e-02
         203         1.954289e+01         1.948925e+01         1.841004e-02
         204         2.001890e+01         1.949185e+01         1.850197e-02
         205         1.924371e+01         1.949064e+01         1.845127e-02
         206         1.953370e+01         1.949084e+01         1.836288e-02
         207         1.963389e+01         1.949154e+01         1.828717e-02
         208         1.978176e+01         1.949293e+01         1.825241e-02
         209         1.952255e+01         1.949307e+01         1.816562e-02
         210         1.894558e+01         1.949047e+01         1.826525e-02
         211         1.944502e+01         1.949025e+01         1.817995e-02
         212         1.975068e+01         1.949148e+01         1.813566e-02
         213         1.907831e+01         1.948954e+01         1.815395e-02
         214         1.977371e+01         1.949087e+01         1.811762e-02
         215         1.921953e+01         1.948960e+01         1.807725e-02
         216         1.974628e+01         1.949079e+01         1.803258e-02
         217         1.956045e+01         1.949111e+01         1.795234e-02
         218         1.919587e+01         1.948976e+01         1.792100e-02
         219         1.913354e+01         1.948813e+01         1.791283e-02
         220         2.001593e+01         1.949053e+01         1.799135e-02
         221         1.937165e+01         1.948999e+01         1.791798e-02
         222         1.972119e+01         1.949104e+01         1.786751e-02
         223         1.987018e+01         1.949274e+01         1.786809e-02
         224         1.924735e+01         1.949164e+01         1.782187e-02
         225         1.948586e+01         1.949161e+01         1.774268e-02
         226         1.923482e+01         1.949048e+01         1.770052e-02
         227         1.993297e+01         1.949243e+01         1.772956e-02
         228         1.972846e+01         1.949346e+01         1.768199e-02
         229         1.926597e+01         1.949247e+01         1.763266e-02
         230         1.888167e+01         1.948981e+01         1.775486e-02
         231         1.929475e+01         1.948897e+01         1.769806e-02
         232         1.980739e+01         1.949034e+01         1.767492e-02
         233         1.977502e+01         1.949156e+01         1.764124e-02
         234         1.940364e+01         1.949119e+01         1.756985e-02
         235         1.945541e+01         1.949104e+01         1.749575e-02
         236         1.900187e+01         1.948896e+01         1.754396e-02
         237         1.969727e+01         1.948984e+01         1.749194e-02
         238         1.939726e+01         1.948945e+01         1.742277e-02
         239         1.913409e+01         1.948797e+01         1.741320e-02
         240         1.948399e+01         1.948795e+01         1.734065e-02
         241         1.947803e+01         1.948791e+01         1.726875e-02
         242         1.965485e+01         1.948860e+01         1.721116e-02
         243         1.944685e+01         1.948843e+01         1.714119e-02
         244         1.902724e+01         1.948654e+01         1.717483e-02
         245         1.951558e+01         1.948665e+01         1.710514e-02
         246         1.990289e+01         1.948835e+01         1.711909e-02
         247         1.925996e+01         1.948742e+01         1.707473e-02
         248         1.957347e+01         1.948777e+01         1.700941e-02
         249         1.986894e+01         1.948930e+01         1.700984e-02
         250         1.935600e+01         1.948877e+01         1.695016e-02
         251         1.947009e+01         1.948869e+01         1.688279e-02
         252         1.959109e+01         1.948910e+01         1.682069e-02
         253         1.959486e+01         1.948952e+01         1.675939e-02
         254         1.903106e+01         1.948771e+01         1.679033e-02
         255         1.990041e+01         1.948933e+01         1.680230e-02
         256         1.941457e+01         1.948904e+01         1.673920e-02
         257         1.906500e+01         1.948739e+01         1.675519e-02
         258         1.931762e+01         1.948673e+01         1.670316e-02
         259         1.970925e+01         1.948759e+01         1.666075e-02
         260         1.961309e+01         1.948807e+01         1.660366e-02
         261         1.953447e+01         1.948825e+01         1.654100e-02
         262         1.960065e+01         1.948868e+01         1.648343e-02
         263         1.906220e+01         1.948706e+01         1.650032e-02
         264         1.941515e+01         1.948678e+01         1.644007e-02
         265         1.970675e+01         1.948761e+01         1.639897e-02
         266         1.906787e+01         1.948604e+01         1.641307e-02
         267         1.905087e+01         1.948441e+01         1.643232e-02
         268         1.952719e+01         1.948457e+01         1.637178e-02
         269         1.935326e+01         1.948408e+01         1.631819e-02
         270         1.927270e+01         1.948330e+01         1.627652e-02
         271         1.953995e+01         1.948350e+01         1.621781e-02
         272         1.918196e+01         1.948240e+01         1.619603e-02
         273         1.982584e+01         1.948365e+01         1.618549e-02
         274         1.957721e+01         1.948400e+01         1.613002e-02
         275         1.947135e+01         1.948395e+01         1.607143e-02
         276         1.944995e+01         1.948383e+01         1.601367e-02
         277         1.971955e+01         1.948468e+01         1.597846e-02
         278         1.924926e+01         1.948383e+01         1.594340e-02
         279         1.984737e+01         1.948513e+01         1.593942e-02
         280         1.958848e+01         1.948550e+01         1.588676e-02
         281         1.939480e+01         1.948518e+01         1.583350e-02
         282         1.959365e+01         1.948556e+01         1.578203e-02
         283         1.937856e+01         1.948519e+01         1.573079e-02
         284         1.912549e+01         1.948392e+01         1.572630e-02
         285         1.959545e+01         1.948431e+01         1.567599e-02
         286         1.971337e+01         1.948511e+01         1.564163e-02
         287         1.923240e+01         1.948423e+01         1.561189e-02
         288         1.946046e+01         1.948415e+01         1.555790e-02
         289         1.916121e+01         1.948303e+01         1.554415e-02
         290         1.949964e+01         1.948309e+01         1.549065e-02
         291         2.000440e+01         1.948488e+01         1.554066e-02
         292         1.994090e+01         1.948644e+01         1.556571e-02
         293         1.964375e+01         1.948698e+01         1.552184e-02
         294         1.906649e+01         1.948555e+01         1.553480e-02
         295         1.925259e+01         1.948476e+01         1.550220e-02
         296         1.954200e+01         1.948495e+01         1.545103e-02
         297         1.970943e+01         1.948571e+01         1.541748e-02
         298         1.977064e+01         1.948666e+01         1.539536e-02
         299         1.969986e+01         1.948738e+01         1.536038e-02
         300         1.936213e+01         1.948696e+01         1.531485e-02
         301         1.977840e+01         1.948793e+01         1.529454e-02
         302         1.975846e+01         1.948882e+01         1.527011e-02
         303         1.961585e+01         1.948924e+01         1.522547e-02
         304         1.985797e+01         1.949046e+01         1.522362e-02
         305         1.972783e+01         1.949123e+01         1.519359e-02
         306         1.955359e+01         1.949144e+01         1.514530e-02
         307         1.915189e+01         1.949033e+01         1.513630e-02
         308         1.965364e+01         1.949086e+01         1.509644e-02
         309         1.965083e+01         1.949138e+01         1.505646e-02
         310         1.983279e+01         1.949248e+01         1.504812e-02
         311         1.975092e+01         1.949331e+01         1.502266e-02
         312         2.005746e+01         1.949512e+01         1.508293e-02
         313         1.962022e+01         1.949552e+01         1.504004e-02
         314         1.954415e+01         1.949567e+01         1.499294e-02
         315         1.950189e+01         1.949569e+01         1.494535e-02
         316         1.950558e+01         1.949573e+01         1.489809e-02
         317         2.006669e+01         1.949753e+01         1.495958e-02
         318         1.941280e+01         1.949726e+01         1.491491e-02
         319         1.974438e+01         1.949804e+01         1.488825e-02
         320         1.967961e+01         1.949860e+01         1.485254e-02
         321         1.918198e+01         1.949762e+01         1.483898e-02
         322         1.867963e+01         1.949508e+01         1.500877e-02
         323         1.937589e+01         1.949471e+01         1.496684e-02
         324         1.959992e+01         1.949503e+01         1.492417e-02
         325         1.936766e+01         1.949464e+01         1.488339e-02
         326         1.951793e+01         1.949471e+01         1.483791e-02
         327         1.894021e+01         1.949302e+01         1.488911e-02
         328         1.934561e+01         1.949257e+01         1.485050e-02
         329         1.945616e+01         1.949246e+01         1.480578e-02
         330         1.961150e+01         1.949282e+01         1.476530e-02
         331         1.934353e+01         1.949237e+01         1.472758e-02
         332         1.944657e+01         1.949223e+01         1.468387e-02
         333         1.982556e+01         1.949323e+01         1.467385e-02
         334         1.972297e+01         1.949392e+01         1.464603e-02
         335         1.998211e+01         1.949537e+01         1.467463e-02
         336         1.998026e+01         1.949682e+01         1.470175e-02
         337         1.964329e+01         1.949725e+01         1.466454e-02
         338         1.883922e+01         1.949530e+01         1.474982e-02
         339         1.939226e+01         1.949500e+01         1.470944e-02
         340         1.972959e+01         1.949569e+01         1.468235e-02
         341         1.944914e+01         1.949555e+01         1.463993e-02
         342         1.967571e+01         1.949608e+01         1.460660e-02
         343         1.938864e+01         1.949577e+01         1.456737e-02
         344         1.949893e+01         1.949578e+01         1.452503e-02
         345         1.978374e+01         1.949661e+01         1.450689e-02
         346         1.929389e+01         1.949603e+01         1.447679e-02
         347         1.951897e+01         1.949609e+01         1.443522e-02
         348         1.971968e+01         1.949673e+01         1.440803e-02
         349         1.983899e+01         1.949771e+01         1.440008e-02
         350         1.953726e+01         1.949783e+01         1.435938e-02
         351         1.905682e+01         1.949657e+01         1.437333e-02
         352         1.945594e+01         1.949646e+01         1.433296e-02
         353         1.930384e+01         1.949591e+01         1.430274e-02
         354         1.958723e+01         1.949617e+01         1.426467e-02
         355         1.936664e+01         1.949580e+01         1.422915e-02
         356         1.961087e+01         1.949613e+01         1.419285e-02
         357         1.959072e+01         1.949639e+01         1.415557e-02
         358         1.932528e+01         1.949591e+01         1.412409e-02
         359         1.933189e+01         1.949546e+01         1.409214e-02
         360         1.921116e+01         1.949467e+01         1.407510e-02
         361         1.947424e+01         1.949461e+01         1.403623e-02
         362         1.944981e+01         1.949449e+01         1.399800e-02
         363         1.950864e+01         1.949453e+01         1.395949e-02
         364         1.931401e+01         1.949403e+01         1.392995e-02
         365         1.955271e+01         1.949419e+01         1.389271e-02
         366         1.966893e+01         1.949467e+01         1.386296e-02
         367         1.938238e+01         1.949436e+01         1.382856e-02
         368         1.941606e+01         1.949415e+01         1.379262e-02
         369         1.974220e+01         1.949482e+01         1.377161e-02
         370         1.973321e+01         1.949547e+01         1.374945e-02
         371         1.966528e+01         1.949592e+01         1.372001e-02
         372         1.932130e+01         1.949545e+01         1.369116e-02
         373         1.980339e+01         1.949628e+01         1.367932e-02
         374         1.967352e+01         1.949675e+01         1.365095e-02
         375         1.986002e+01         1.949772e+01         1.364887e-02
         376         1.929825e+01         1.949719e+01         1.362288e-02
         377         1.960760e+01         1.949748e+01         1.358989e-02
         378         1.941644e+01         1.949727e+01         1.355563e-02
         379         2.011479e+01         1.949890e+01         1.361743e-02
         380         1.969202e+01         1.949941e+01         1.359108e-02
         381         1.960855e+01         1.949969e+01         1.355842e-02
         382         1.934628e+01         1.949929e+01         1.352888e-02
         383         1.956803e+01         1.949947e+01         1.349474e-02
         384         1.963411e+01         1.949982e+01         1.346416e-02
         385         1.902846e+01         1.949860e+01         1.348473e-02
         386         1.889063e+01         1.949702e+01         1.354147e-02
         387         1.966844e+01         1.949747e+01         1.351372e-02
         388         1.958713e+01         1.949770e+01         1.348087e-02
         389         1.935055e+01         1.949732e+01         1.345152e-02
         390         1.951307e+01         1.949736e+01         1.341709e-02
         391         1.967356e+01         1.949781e+01         1.339034e-02
         392         1.941191e+01         1.949759e+01         1.335797e-02
         393         1.945310e+01         1.949748e+01         1.332446e-02
         394         2.008763e+01         1.949898e+01         1.337457e-02
         395         1.924822e+01         1.949834e+01         1.335577e-02
         396         1.938650e+01         1.949806e+01         1.332503e-02
         397         1.972589e+01         1.949863e+01         1.330382e-02
         398         1.957183e+01         1.949882e+01         1.327166e-02
         399         1.922126e+01         1.949812e+01         1.325662e-02
         400         1.969852e+01         1.949862e+01         1.323294e-02
         401         1.965340e+01         1.949901e+01         1.320557e-02
         402         1.934956e+01         1.949864e+01         1.317795e-02
         403         1.941745e+01         1.949843e+01         1.314679e-02
         404         1.987997e+01         1.949938e+01         1.314812e-02
         405         1.978681e+01         1.950009e+01         1.313480e-02
         406         1.954455e+01         1.950020e+01         1.310290e-02
         407         1.966180e+01         1.950059e+01         1.307672e-02
         408         1.934005e+01         1.950020e+01         1.305059e-02
         409         1.960213e+01         1.950045e+01         1.302106e-02
         410         1.957650e+01         1.950064e+01         1.299063e-02
         411         1.970303e+01         1.950113e+01         1.296835e-02
         412         1.966615e+01         1.950153e+01         1.294306e-02
         413         1.954063e+01         1.950162e+01         1.291206e-02
         414         1.947583e+01         1.950156e+01         1.288102e-02
         415         1.973169e+01         1.950212e+01         1.286192e-02
         416         1.958053e+01         1.950230e+01         1.283238e-02
         417         2.000019e+01         1.950350e+01         1.285703e-02
         418         1.952950e+01         1.950356e+01         1.282642e-02
         419         1.935563e+01         1.950321e+01         1.280067e-02
         420         1.966699e+01         1.950360e+01         1.277613e-02
         421         1.964121e+01         1.950392e+01         1.274996e-02
         422         1.934855e+01         1.950356e+01         1.272507e-02
         423         1.946927e+01         1.950347e+01         1.269524e-02
         424         1.964909e+01         1.950382e+01         1.266994e-02
         425         1.943841e+01         1.950366e+01         1.264107e-02
         426         1.993833e+01         1.950468e+01         1.265251e-02
         427         1.913405e+01         1.950382e+01         1.265261e-02
         428         1.943337e+01         1.950365e+01         1.262412e-02
         429         1.948631e+01         1.950361e+01         1.259476e-02
         430         1.958220e+01         1.950379e+01         1.256680e-02
         431         1.891610e+01         1.950243e+01         1.261140e-02
         432         1.936335e+01         1.950211e+01         1.258631e-02
         433         1.933005e+01         1.950171e+01         1.256352e-02
         434         1.971670e+01         1.950221e+01         1.254433e-02
         435         1.953067e+01         1.950227e+01         1.251566e-02
         436         1.982367e+01         1.950301e+01         1.250865e-02
         437         1.947089e+01         1.950294e+01         1.248024e-02
         438         1.960958e+01         1.950318e+01         1.245412e-02
         439         1.959899e+01         1.950340e+01         1.242766e-02
         440         1.983646e+01         1.950415e+01         1.242245e-02
         441         1.965954e+01         1.950451e+01         1.239928e-02
         442         1.936783e+01         1.950420e+01         1.237508e-02
         443         1.913695e+01         1.950337e+01         1.237488e-02
         444         1.997048e+01         1.950442e+01         1.239165e-02
         445         1.926931e+01         1.950389e+01         1.237506e-02
         446         1.973655e+01         1.950441e+01         1.235831e-02
         447         1.963674e+01         1.950471e+01         1.233420e-02
         448         2.002805e+01         1.950588e+01         1.236187e-02
         449         1.952532e+01         1.950592e+01         1.233441e-02
         450         1.961495e+01         1.950616e+01         1.230938e-02
         451         1.944447e+01         1.950603e+01         1.228285e-02
         452         1.975866e+01         1.950659e+01         1.226838e-02
         453         1.946727e+01         1.950650e+01         1.224161e-02
         454         1.933003e+01         1.950611e+01         1.222081e-02
         455         1.906504e+01         1.950514e+01         1.223234e-02
         456         1.952829e+01         1.950519e+01         1.220562e-02
         457         1.936929e+01         1.950489e+01         1.218254e-02
         458         1.957199e+01         1.950504e+01         1.215682e-02
         459         1.967789e+01         1.950542e+01         1.213616e-02
         460         1.935509e+01         1.950509e+01         1.211418e-02
         461         1.968615e+01         1.950548e+01         1.209427e-02
         462         1.981799e+01         1.950616e+01         1.208699e-02
         463         1.968416e+01         1.950654e+01         1.206700e-02
         464         1.960827e+01         1.950676e+01         1.204298e-02
         465         1.982877e+01         1.950746e+01         1.203697e-02
         466         1.946042e+01         1.950736e+01         1.201157e-02
         467         1.944942e+01         1.950723e+01         1.198649e-02
         468         1.957175e+01         1.950737e+01         1.196167e-02
         469         1.960702e+01         1.950758e+01         1.193805e-02
         470         1.965664e+01         1.950790e+01         1.191686e-02
         471         1.969977e+01         1.950831e+01         1.189852e-02
         472         1.955649e+01         1.950841e+01         1.187375e-02
         473         1.975472e+01         1.950893e+01         1.186006e-02
         474         1.946523e+01         1.950884e+01         1.183540e-02
         475         1.960452e+01         1.950904e+01         1.181220e-02
         476         1.907920e+01         1.950814e+01         1.182185e-02
         477         1.953831e+01         1.950820e+01         1.179723e-02
         478         1.949530e+01         1.950817e+01         1.177258e-02
         479         1.937596e+01         1.950790e+01         1.175124e-02
         480         1.973668e+01         1.950837e+01         1.173642e-02
         481         1.956173e+01         1.950848e+01         1.171255e-02
         482         1.905181e+01         1.950754e+01         1.172650e-02
         483         1.934613e+01         1.950720e+01         1.170699e-02
         484         1.963609e+01         1.950747e+01         1.168583e-02
         485         1.991381e+01         1.950831e+01         1.169173e-02
         486         1.915865e+01         1.950759e+01         1.168978e-02
         487         1.943115e+01         1.950743e+01         1.166683e-02
         488         1.980770e+01         1.950804e+01         1.165914e-02
         489         1.974854e+01         1.950854e+01         1.164567e-02
         490         1.988257e+01         1.950930e+01         1.164689e-02
         491         1.927017e+01         1.950881e+01         1.163335e-02
         492         1.927536e+01         1.950834e+01         1.161937e-02
         493         1.955724e+01         1.950844e+01         1.159623e-02
         494         1.990440e+01         1.950924e+01         1.160042e-02
         495         1.953493e+01         1.950929e+01         1.157711e-02
         496         1.950448e+01         1.950928e+01         1.155377e-02
         497         1.983367e+01         1.950993e+01         1.154894e-02
         498         1.959663e+01         1.951011e+01         1.152706e-02
         499         1.962425e+01         1.951034e+01         1.150623e-02
         500         1.965501e+01         1.951063e+01         1.148686e-02
         501         1.974223e+01         1.951109e+01         1.147323e-02
         502         1.942255e+01         1.951091e+01         1.145173e-02
         503         1.894897e+01         1.950979e+01         1.148333e-02
         504         1.926274e+01         1.950930e+01         1.147100e-02
         505         1.936739e+01         1.950902e+01         1.145173e-02
         506         1.966447e+01         1.950933e+01         1.143321e-02
         507         1.985486e+01         1.951001e+01         1.143096e-02
         508         1.928116e+01         1.950956e+01         1.141733e-02
         509         1.976419e+01         1.951006e+01         1.140585e-02
         510         1.956703e+01         1.951017e+01         1.138404e-02
         511         1.954695e+01         1.951025e+01         1.136198e-02
         512         1.948227e+01         1.951019e+01         1.133992e-02
         513         1.993101e+01         1.951101e+01         1.134745e-02
         514         1.962395e+01         1.951123e+01         1.132750e-02
         515         1.933465e+01         1.951089e+01         1.131069e-02
         516         1.953456e+01         1.951093e+01         1.128887e-02
         517         1.969130e+01         1.951128e+01         1.127242e-02
         518         1.928251e+01         1.951084e+01         1.125931e-02
         519         1.989407e+01         1.951158e+01         1.126180e-02
         520         1.952118e+01         1.951160e+01         1.124016e-02
         521         1.970329e+01         1.951197e+01         1.122460e-02
         522         1.941008e+01         1.951177e+01         1.120480e-02
         523         1.918695e+01         1.951115e+01         1.120057e-02
         524         1.932551e+01         1.951080e+01         1.118480e-02
         525         1.941913e+01         1.951062e+01         1.116486e-02
         526         1.961357e+01         1.951082e+01         1.114535e-02
         527         1.926143e+01         1.951034e+01         1.113424e-02
         528         1.937182e+01         1.951008e+01         1.111624e-02
         529         1.940385e+01         1.950988e+01         1.109704e-02
         530         1.958232e+01         1.951002e+01         1.107695e-02
         531         1.933665e+01         1.950969e+01         1.106090e-02
         532         1.958550e+01         1.950983e+01         1.104103e-02
         533         1.948190e+01         1.950978e+01         1.102043e-02
         534         1.906284e+01         1.950894e+01         1.103153e-02
         535         1.940895e+01         1.950876e+01         1.101250e-02
         536         1.938478e+01         1.950853e+01         1.099438e-02
         537         1.989966e+01         1.950925e+01         1.099801e-02
         538         1.929037e+01         1.950885e+01         1.098509e-02
         539         1.980206e+01         1.950939e+01         1.097817e-02
         540         1.915075e+01         1.950873e+01         1.097791e-02
         541         1.967056e+01         1.950903e+01         1.096169e-02
         542         1.957810e+01         1.950915e+01         1.094221e-02
         543         1.971006e+01         1.950952e+01         1.092831e-02
         544         1.926889e+01         1.950908e+01         1.091717e-02
         545         1.945639e+01         1.950898e+01         1.089757e-02
         546         2.017307e+01         1.951020e+01         1.094527e-02
         547         2.011161e+01         1.951130e+01         1.098034e-02
         548         1.975622e+01         1.951175e+01         1.096940e-02
         549         1.917292e+01         1.951113e+01         1.096677e-02
         550         1.944781e+01         1.951101e+01         1.094743e-02
         551         1.970421e+01         1.951137e+01         1.093318e-02
         552         1.987890e+01         1.951203e+01         1.093363e-02
         553         1.987879e+01         1.951269e+01         1.093395e-02
         554         1.936225e+01         1.951242e+01         1.091759e-02
         555         1.931032e+01         1.951206e+01         1.090399e-02
         556         1.951208e+01         1.951206e+01         1.088438e-02
         557         1.963752e+01         1.951228e+01         1.086716e-02
         558         1.994840e+01         1.951307e+01         1.087576e-02
         559         1.951826e+01         1.951307e+01         1.085631e-02
         560         1.940165e+01         1.951288e+01         1.083874e-02
         561         1.969364e+01         1.951320e+01         1.082421e-02
         562         1.923516e+01         1.951270e+01         1.081625e-02
         563         1.967996e+01         1.951300e+01         1.080112e-02
         564         1.950614e+01         1.951299e+01         1.078197e-02
         565         1.916941e+01         1.951238e+01         1.078003e-02
         566         2.006274e+01         1.951335e+01         1.080475e-02
         567         1.946306e+01         1.951326e+01         1.078605e-02
         568         1.900870e+01         1.951238e+01         1.080358e-02
         569         2.014604e+01         1.951349e+01         1.084184e-02
         570         1.952576e+01         1.951351e+01         1.082284e-02
         571         1.930676e+01         1.951315e+01         1.080994e-02
         572         1.955894e+01         1.951323e+01         1.079134e-02
         573         1.965283e+01         1.951347e+01         1.077526e-02
         574         1.937821e+01         1.951324e+01         1.075906e-02
         575         1.927659e+01         1.951282e+01         1.074822e-02
         576         1.943099e+01         1.951268e+01         1.073050e-02
         577         1.974273e+01         1.951308e+01         1.071930e-02
         578         1.941261e+01         1.951291e+01         1.070217e-02
         579         2.014204e+01         1.951399e+01         1.073870e-02
         580         2.020634e+01         1.951519e+01         1.078633e-02
         581         1.918872e+01         1.951463e+01         1.078239e-02
         582         1.986445e+01         1.951523e+01         1.078060e-02
         583         1.940773e+01         1.951504e+01         1.076369e-02
         584         1.947578e+01         1.951498e+01         1.074547e-02
         585         1.977431e+01         1.951542e+01         1.073624e-02
         586         1.960118e+01         1.951557e+01         1.071892e-02
         587         1.959170e+01         1.951569e+01         1.070144e-02
         588         1.933296e+01         1.951538e+01         1.068775e-02
         589         1.950177e+01         1.951536e+01         1.066963e-02
         590         1.936578e+01         1.951511e+01         1.065456e-02
         591         1.963790e+01         1.951532e+01         1.063856e-02
         592         1.959920e+01         1.951546e+01         1.062153e-02
         593         1.984903e+01         1.951602e+01         1.061850e-02
         594         1.945067e+01         1.951591e+01         1.060120e-02
         595         1.913842e+01         1.951528e+01         1.060235e-02
         596         1.933066e+01         1.951497e+01         1.058908e-02
         597         1.949088e+01         1.951492e+01         1.057142e-02
         598         1.980933e+01         1.951542e+01         1.056520e-02
         599         1.928785e+01         1.951504e+01         1.055439e-02
         600         1.884436e+01         1.951392e+01         1.059583e-02
         601         1.865218e+01         1.951249e+01         1.067477e-02
         602         1.984174e+01         1.951303e+01         1.067104e-02
         603         1.953732e+01         1.951307e+01         1.065342e-02
         604         1.935924e+01         1.951282e+01         1.063882e-02
         605         1.962119e+01         1.951300e+01         1.062275e-02
         606         1.961785e+01         1.951317e+01         1.060663e-02
         607         1.959769e+01         1.951331e+01         1.059007e-02
         608         1.964400e+01         1.951352e+01         1.057483e-02
         609         1.951108e+01         1.951352e+01         1.055747e-02
         610         1.978576e+01         1.951397e+01         1.054959e-02
         611         1.909698e+01         1.951328e+01         1.055437e-02
         612         1.954137e+01         1.951333e+01         1.053723e-02
         613         1.888942e+01         1.951231e+01         1.056908e-02
         614         1.952069e+01         1.951233e+01         1.055187e-02
         615         1.937656e+01         1.951211e+01         1.053703e-02
         616         1.959115e+01         1.951223e+01         1.052070e-02
         617         1.988488e+01         1.951284e+01         1.052097e-02
         618         1.926841e+01         1.951244e+01         1.051138e-02
         619         1.941485e+01         1.951228e+01         1.049558e-02
         620         1.995494e+01         1.951300e+01         1.050291e-02
         621         1.975968e+01         1.951340e+01         1.049350e-02
         622         1.972166e+01         1.951373e+01         1.048197e-02
         623         1.949440e+01         1.951370e+01         1.046520e-02
         624         1.949098e+01         1.951366e+01         1.044849e-02
         625         1.924724e+01         1.951324e+01         1.044046e-02
         626         1.913533e+01         1.951263e+01         1.044122e-02
         627         1.954095e+01         1.951268e+01         1.042467e-02
         628         1.912790e+01         1.951207e+01         1.042606e-02
         629         1.956192e+01         1.951214e+01         1.040978e-02
         630         1.935174e+01         1.951189e+01         1.039637e-02
         631         1.924329e+01         1.951146e+01         1.038861e-02
         632         1.913586e+01         1.951087e+01         1.038916e-02
         633         1.922866e+01         1.951042e+01         1.038231e-02
         634         1.975154e+01         1.951080e+01         1.037289e-02
         635         1.942184e+01         1.951066e+01         1.035750e-02
         636         1.956592e+01         1.951075e+01         1.034158e-02
         637         1.934338e+01         1.951049e+01         1.032869e-02
         638         1.929727e+01         1.951015e+01         1.031790e-02
         639         1.936713e+01         1.950993e+01         1.030418e-02
         640         1.959410e+01         1.951006e+01         1.028892e-02
         641         1.905974e+01         1.950936e+01         1.029683e-02
         642         1.963914e+01         1.950956e+01         1.028277e-02
         643         1.968784e+01         1.950984e+01         1.027052e-02
         644         1.963161e+01         1.951003e+01         1.025631e-02
         645         2.011633e+01         1.951097e+01         1.028339e-02
         646         1.907270e+01         1.951029e+01         1.028983e-02
         647         1.914900e+01         1.950973e+01         1.028907e-02
         648         1.958274e+01         1.950984e+01         1.027381e-02
         649         1.950977e+01         1.950984e+01         1.025798e-02
         650         1.906111e+01         1.950915e+01         1.026540e-02
         651         1.939956e+01         1.950899e+01         1.025101e-02
         652         1.941103e+01         1.950884e+01         1.023639e-02
         653         1.943900e+01         1.950873e+01         1.022127e-02
         654         1.949377e+01         1.950871e+01         1.020567e-02
         655         1.949307e+01         1.950868e+01         1.019011e-02
         656         1.913483e+01         1.950811e+01         1.019050e-02
         657         1.922708e+01         1.950768e+01         1.018397e-02
         658         1.987402e+01         1.950824e+01         1.018370e-02
         659         1.953048e+01         1.950827e+01         1.016830e-02
         660         1.974188e+01         1.950863e+01         1.015905e-02
         661         1.930578e+01         1.950832e+01         1.014832e-02
         662         1.898866e+01         1.950754e+01         1.016330e-02
         663         1.955351e+01         1.950761e+01         1.014821e-02
         664         1.953006e+01         1.950764e+01         1.013298e-02
         665         1.977565e+01         1.950804e+01         1.012576e-02
         666         1.939029e+01         1.950787e+01         1.011210e-02
         667         1.934010e+01         1.950761e+01         1.010006e-02
         668         1.976486e+01         1.950800e+01         1.009228e-02
         669         1.937158e+01         1.950780e+01         1.007926e-02
         670         1.965717e+01         1.950802e+01         1.006668e-02
         671         1.928566e+01         1.950769e+01         1.005713e-02
         672         1.971295e+01         1.950799e+01         1.004680e-02
         673         1.932294e+01         1.950772e+01         1.003563e-02
         674         1.966727e+01         1.950795e+01         1.002353e-02
         675         1.902531e+01         1.950724e+01         1.003416e-02
         676         1.977928e+01         1.950764e+01         1.002738e-02
         677         1.893602e+01         1.950680e+01         1.004805e-02
         678         2.005633e+01         1.950761e+01         1.006587e-02
         679         1.945165e+01         1.950753e+01         1.005138e-02
         680         1.990446e+01         1.950811e+01         1.005354e-02
         681         1.945212e+01         1.950803e+01         1.003911e-02
         682         1.988651e+01         1.950858e+01         1.003972e-02
         683         1.902350e+01         1.950787e+01         1.005011e-02
         684         1.927069e+01         1.950752e+01         1.004139e-02
         685         1.921217e+01         1.950709e+01         1.003599e-02
         686         1.930336e+01         1.950680e+01         1.002575e-02
         687         1.948972e+01         1.950677e+01         1.001119e-02
         688         1.979500e+01         1.950719e+01         1.000540e-02
         689         1.930511e+01         1.950690e+01         9.995175e-03
         690         1.977653e+01         1.950729e+01         9.988326e-03
         691         1.983214e+01         1.950776e+01         9.984928e-03
         692         1.968619e+01         1.950802e+01         9.973828e-03
         693         1.932177e+01         1.950775e+01         9.963056e-03
         694         1.980900e+01         1.950818e+01         9.958152e-03
         695         1.932778e+01         1.950792e+01         9.947206e-03
         696         1.925288e+01         1.950756e+01         9.939661e-03
         697         1.962627e+01         1.950773e+01         9.926860e-03
         698         1.908521e+01         1.950712e+01         9.931077e-03
         699         2.007131e+01         1.950793e+01         9.949615e-03
         700         1.956404e+01         1.950801e+01         9.935724e-03
         701         1.967154e+01         1.950824e+01         9.924289e-03
         702         1.975194e+01         1.950859e+01         9.916221e-03
         703         1.972748e+01         1.950890e+01         9.907003e-03
         704         1.922308e+01         1.950849e+01         9.901246e-03
         705         1.950447e+01         1.950849e+01         9.887203e-03
         706         2.001267e+01         1.950920e+01         9.898956e-03
         707         1.933431e+01         1.950895e+01         9.888045e-03
         708         1.921755e+01         1.950854e+01         9.882641e-03
         709         1.984389e+01         1.950902e+01         9.880015e-03
         710         1.887368e+01         1.950812e+01         9.906540e-03
         711         1.913844e+01         1.950760e+01         9.906242e-03
         712         1.968728e+01         1.950785e+01         9.895543e-03
         713         1.985010e+01         1.950833e+01         9.893299e-03
         714         1.899170e+01         1.950761e+01         9.905868e-03
         715         1.941732e+01         1.950748e+01         9.892818e-03
         716         1.938388e+01         1.950731e+01         9.880508e-03
         717         1.944373e+01         1.950722e+01         9.867125e-03
         718         1.961324e+01         1.950737e+01         9.854488e-03
         719         1.952630e+01         1.950740e+01         9.840817e-03
         720         1.937293e+01         1.950721e+01         9.828921e-03
         721         1.942444e+01         1.950709e+01         9.815959e-03
         722         1.966875e+01         1.950732e+01         9.804917e-03
         723         1.967356e+01         1.950755e+01         9.794051e-03
         724         1.891136e+01         1.950673e+01         9.815080e-03
         725         1.972260e+01         1.950702e+01         9.806057e-03
         726         1.932549e+01         1.950677e+01         9.795738e-03
         727         1.917212e+01         1.950631e+01         9.793073e-03
         728         1.919883e+01         1.950589e+01         9.788725e-03
         729         1.950950e+01         1.950590e+01         9.775299e-03
         730         1.983404e+01         1.950634e+01         9.772238e-03
         731         1.917740e+01         1.950589e+01         9.769225e-03
         732         1.964242e+01         1.950608e+01         9.757659e-03
         733         1.974252e+01         1.950640e+01         9.749677e-03
         734         1.909136e+01         1.950584e+01         9.752778e-03
         735         1.918417e+01         1.950540e+01         9.749324e-03
         736         1.930273e+01         1.950513e+01         9.739965e-03
         737         1.953861e+01         1.950517e+01         9.726855e-03
         738         1.946107e+01         1.950511e+01         9.713859e-03
         739         1.949709e+01         1.950510e+01         9.700721e-03
         740         1.947331e+01         1.950506e+01         9.687707e-03
         741         1.942436e+01         1.950495e+01         9.675245e-03
         742         1.989636e+01         1.950548e+01         9.676575e-03
         743         1.956966e+01         1.950556e+01         9.663937e-03
         744         1.954352e+01         1.950561e+01         9.651082e-03
         745         1.933741e+01         1.950539e+01         9.640768e-03
         746         1.934343e+01         1.950517e+01         9.630289e-03
         747         1.945401e+01         1.950510e+01         9.617641e-03
         748         1.947858e+01         1.950507e+01         9.604848e-03
         749         1.964941e+01         1.950526e+01         9.593958e-03
         750         1.991867e+01         1.950581e+01         9.596988e-03
         751         2.015443e+01         1.950667e+01         9.622993e-03
         752         1.956608e+01         1.950675e+01         9.610521e-03
         753         1.987528e+01         1.950724e+01         9.610211e-03
         754         1.944372e+01         1.950716e+01         9.597835e-03
         755         1.999514e+01         1.950780e+01         9.606860e-03
         756         1.915332e+01         1.950734e+01         9.605589e-03
         757         1.951100e+01         1.950734e+01         9.592901e-03
         758         1.949944e+01         1.950733e+01         9.580251e-03
         759         1.947973e+01         1.950729e+01         9.567698e-03
         760         1.925325e+01         1.950696e+01         9.560947e-03
         761         1.977554e+01         1.950731e+01         9.554895e-03
         762         2.010625e+01         1.950810e+01         9.574631e-03
         763         1.932985e+01         1.950786e+01         9.564932e-03
         764         1.935688e+01         1.950767e+01         9.554453e-03
         765         1.943899e+01         1.950758e+01         9.542386e-03
         766         1.930087e+01         1.950731e+01         9.533743e-03
         767         1.890027e+01         1.950652e+01         9.554108e-03
         768         1.975830e+01         1.950684e+01         9.547291e-03
         769         1.944146e+01         1.950676e+01         9.535254e-03
         770         1.950727e+01         1.950676e+01         9.522871e-03
         771         1.962810e+01         1.950692e+01         9.511820e-03
         772         1.934490e+01         1.950671e+01         9.501814e-03
         773         1.927531e+01         1.950641e+01         9.494236e-03
         774         1.958017e+01         1.950650e+01         9.482447e-03
         775         1.958679e+01         1.950661e+01         9.470778e-03
         776         1.983894e+01         1.950703e+01         9.468251e-03
         777         1.942739e+01         1.950693e+01         9.456621e-03
         778         1.943302e+01         1.950684e+01         9.444943e-03
         779         1.937965e+01         1.950667e+01         9.434229e-03
         780         1.919503e+01         1.950627e+01         9.430591e-03
         781         1.954142e+01         1.950632e+01         9.418623e-03
         782         1.925118e+01         1.950599e+01         9.412228e-03
         783         1.984956e+01         1.950643e+01         9.410429e-03
         784         1.958415e+01         1.950653e+01         9.398948e-03
         785         1.926616e+01         1.950622e+01         9.391962e-03
         786         1.939697e+01         1.950609e+01         9.381041e-03
         787         1.919154e+01         1.950569e+01         9.377631e-03
         788         1.993020e+01         1.950623e+01         9.381192e-03
         789         1.958586e+01         1.950633e+01         9.369845e-03
         790         1.952052e+01         1.950634e+01         9.358002e-03
         791         1.936486e+01         1.950617e+01         9.347880e-03
         792         1.962587e+01         1.950632e+01         9.337299e-03
         793         1.979391e+01         1.950668e+01         9.332565e-03
         794         1.909336e+01         1.950616e+01         9.335318e-03
         795         1.966769e+01         1.950636e+01         9.325786e-03
         796         1.958905e+01         1.950647e+01         9.314649e-03
         797         1.937727e+01         1.950630e+01         9.304372e-03
         798         1.963692e+01         1.950647e+01         9.294152e-03
         799         1.913648e+01         1.950600e+01         9.294048e-03
         800         1.962726e+01         1.950616e+01         9.283666e-03
         801         1.919956e+01         1.950577e+01         9.279964e-03
         802         1.997324e+01         1.950636e+01         9.286680e-03
         803         1.926191e+01         1.950605e+01         9.280103e-03
         804         1.971485e+01         1.950631e+01         9.272194e-03
         805         1.968957e+01         1.950654e+01         9.263469e-03
         806         1.936627e+01         1.950636e+01         9.253611e-03
         807         1.938456e+01         1.950621e+01         9.243375e-03
         808         1.913368e+01         1.950575e+01         9.243427e-03
         809         2.021235e+01         1.950663e+01         9.273174e-03
         810         1.905674e+01         1.950607e+01         9.278345e-03
         811         1.944176e+01         1.950599e+01         9.267243e-03
         812         1.959225e+01         1.950610e+01         9.256439e-03
         813         1.908231e+01         1.950558e+01         9.259719e-03
         814         1.982844e+01         1.950597e+01         9.256834e-03
         815         1.985681e+01         1.950640e+01         9.255480e-03
         816         1.974676e+01         1.950670e+01         9.248824e-03
         817         1.970606e+01         1.950694e+01         9.240722e-03
         818         1.967917e+01         1.950715e+01         9.231823e-03
         819         1.976132e+01         1.950746e+01         9.225766e-03
         820         1.947390e+01         1.950742e+01         9.214606e-03
         821         1.934254e+01         1.950722e+01         9.205571e-03
         822         1.960613e+01         1.950734e+01         9.195158e-03
         823         1.967849e+01         1.950755e+01         9.186336e-03
         824         1.949226e+01         1.950753e+01         9.175207e-03
         825         1.987902e+01         1.950798e+01         9.175128e-03
         826         1.961679e+01         1.950811e+01         9.164966e-03
         827         1.937184e+01         1.950795e+01         9.155365e-03
         828         1.966022e+01         1.950813e+01         9.146155e-03
         829         1.994951e+01         1.950866e+01         9.150605e-03
         830         1.900313e+01         1.950806e+01         9.159829e-03
         831         1.970319e+01         1.950829e+01         9.151816e-03
         832         1.962985e+01         1.950844e+01         9.141982e-03
         833         1.991149e+01         1.950892e+01         9.143803e-03
         834         2.007380e+01         1.950960e+01         9.157890e-03
         835         2.030619e+01         1.951055e+01         9.196479e-03
         836         1.985531e+01         1.951096e+01         9.194720e-03
         837         1.962507e+01         1.951110e+01         9.184745e-03
         838         2.001446e+01         1.951170e+01         9.193406e-03
         839         1.964465e+01         1.951186e+01         9.183813e-03
         840         1.935137e+01         1.951167e+01         9.174867e-03
         841         1.941147e+01         1.951155e+01         9.164731e-03
         842         1.908248e+01         1.951104e+01         9.168003e-03
         843         1.987726e+01         1.951147e+01         9.167414e-03
         844         1.955301e+01         1.951152e+01         9.156685e-03
         845         1.965948e+01         1.951170e+01         9.147522e-03
         846         1.975623e+01         1.951199e+01         9.141275e-03
         847         1.926096e+01         1.951169e+01         9.135286e-03
         848         1.946672e+01         1.951164e+01         9.124667e-03
         849         2.026395e+01         1.951252e+01         9.156845e-03
         850         1.957149e+01         1.951259e+01         9.146335e-03
         851         1.908290e+01         1.951209e+01         9.149514e-03
         852         1.917487e+01         1.951169e+01         9.147332e-03
         853         1.918442e+01         1.951131e+01         9.144651e-03
         854         1.947425e+01         1.951127e+01         9.134046e-03
         855         1.929603e+01         1.951101e+01         9.126831e-03
         856         1.979161e+01         1.951134e+01         9.122053e-03
         857         1.960754e+01         1.951145e+01         9.112100e-03
         858         1.944269e+01         1.951137e+01         9.101832e-03
         859         1.929608e+01         1.951112e+01         9.094687e-03
         860         1.958160e+01         1.951120e+01         9.084481e-03
         861         1.926604e+01         1.951092e+01         9.078391e-03
         862         1.970769e+01         1.951115e+01         9.070729e-03
         863         1.981561e+01         1.951150e+01         9.067076e-03
         864         1.945726e+01         1.951144e+01         9.056799e-03
         865         1.931651e+01         1.951121e+01         9.049132e-03
         866         1.951966e+01         1.951122e+01         9.038688e-03
         867         1.962625e+01         1.951136e+01         9.029236e-03
         868         1.971991e+01         1.951160e+01         9.022030e-03
         869         1.946929e+01         1.951155e+01         9.011779e-03
         870         2.006090e+01         1.951218e+01         9.023515e-03
         871         1.932035e+01         1.951196e+01         9.015843e-03
         872         1.878144e+01         1.951112e+01         9.044342e-03
         873         1.964912e+01         1.951128e+01         9.035363e-03
         874         1.967312e+01         1.951146e+01         9.026922e-03
         875         1.930510e+01         1.951123e+01         9.019686e-03
         876         2.003923e+01         1.951183e+01         9.029507e-03
         877         1.976138e+01         1.951212e+01         9.023694e-03
         878         1.964032e+01         1.951226e+01         9.014597e-03
         879         1.936577e+01         1.951209e+01         9.005882e-03
         880         1.926354e+01         1.951181e+01         9.000076e-03
         881         1.970621e+01         1.951203e+01         8.992565e-03
         882         1.997332e+01         1.951256e+01         8.997565e-03
         883         1.926138e+01         1.951227e+01         8.991871e-03
         884         1.968387e+01         1.951247e+01         8.983794e-03
         885         1.957532e+01         1.951254e+01         8.973923e-03
         886         1.932736e+01         1.951233e+01         8.966228e-03
         887         1.958512e+01         1.951241e+01         8.956495e-03
         888         1.938631e+01         1.951227e+01         8.947535e-03
         889         1.956719e+01         1.951233e+01         8.937683e-03
         890         1.953501e+01         1.951235e+01         8.927677e-03
         891         1.969250e+01         1.951256e+01         8.919947e-03
         892         1.954639e+01         1.951259e+01         8.910027e-03
         893         1.929928e+01         1.951236e+01         8.903251e-03
         894         1.972189e+01         1.951259e+01         8.896377e-03
         895         1.913556e+01         1.951217e+01         8.896405e-03
         896         1.913786e+01         1.951175e+01         8.896279e-03
         897         1.940263e+01         1.951163e+01         8.887193e-03
         898         1.936658e+01         1.951147e+01         8.878764e-03
         899         2.007057e+01         1.951209e+01         8.890642e-03
         900         1.933838e+01         1.951190e+01         8.882858e-03
         901         1.946379e+01         1.951184e+01         8.873160e-03
         902         1.934724e+01         1.951166e+01         8.865199e-03
         903         1.992418e+01         1.951212e+01         8.867144e-03
         904         1.935718e+01         1.951195e+01         8.858992e-03
         905         1.980614e+01         1.951227e+01         8.855165e-03
         906         1.977608e+01         1.951256e+01         8.850177e-03
         907         1.937408e+01         1.951241e+01         8.841736e-03
         908         1.967056e+01         1.951258e+01         8.833714e-03
         909         1.966469e+01         1.951275e+01         8.825581e-03
         910         1.960096e+01         1.951285e+01         8.816415e-03
         911         1.977432e+01         1.951314e+01         8.811408e-03
         912         1.928116e+01         1.951288e+01         8.805417e-03
         913         1.931068e+01         1.951266e+01         8.798557e-03
         914         1.965570e+01         1.951282e+01         8.790322e-03
         915         1.970861e+01         1.951303e+01         8.783319e-03
         916         1.981030e+01         1.951335e+01         8.779724e-03
         917         1.934753e+01         1.951317e+01         8.772012e-03
         918         1.956654e+01         1.951323e+01         8.762649e-03
         919         1.961529e+01         1.951334e+01         8.753818e-03
         920         1.964674e+01         1.951349e+01         8.745503e-03
         921         1.970266e+01         1.951369e+01         8.738419e-03
         922         1.943214e+01         1.951361e+01         8.729389e-03
         923         1.963584e+01         1.951374e+01         8.720936e-03
         924         1.935295e+01         1.951356e+01         8.713234e-03
         925         1.947790e+01         1.951353e+01         8.703900e-03
         926         1.897895e+01         1.951295e+01         8.713624e-03
         927         1.948658e+01         1.951292e+01         8.704271e-03
         928         1.975561e+01         1.951318e+01         8.698819e-03
         929         1.988240e+01         1.951358e+01         8.698530e-03
         930         1.924214e+01         1.951329e+01         8.694072e-03
         931         1.926349e+01         1.951302e+01         8.688873e-03
         932         1.945402e+01         1.951295e+01         8.679780e-03
         933         1.976565e+01         1.951323e+01         8.674702e-03
         934         1.954783e+01         1.951326e+01         8.665493e-03
         935         1.953679e+01         1.951329e+01         8.656262e-03
         936         1.965266e+01         1.951344e+01         8.648294e-03
         937         1.967586e+01         1.951361e+01         8.640802e-03
         938         1.952504e+01         1.951362e+01         8.631598e-03
         939         1.931424e+01         1.951341e+01         8.625017e-03
         940         1.955692e+01         1.951346e+01         8.615966e-03
         941         1.968729e+01         1.951364e+01         8.608790e-03
         942         1.954206e+01         1.951367e+01         8.599704e-03
         943         1.942633e+01         1.951358e+01         8.591083e-03
         944         1.933739e+01         1.951339e+01         8.584010e-03
         945         1.955740e+01         1.951344e+01         8.575053e-03
         946         1.975533e+01         1.951369e+01         8.569800e-03
         947         1.989507e+01         1.951410e+01         8.570207e-03
         948         1.935397e+01         1.951393e+01         8.562831e-03
         949         1.935158e+01         1.951376e+01         8.555517e-03
         950         1.944491e+01         1.951368e+01         8.546818e-03
         951         1.979590e+01         1.951398e+01         8.542981e-03
         952         1.938003e+01         1.951384e+01         8.535166e-03
         953         1.985049e+01         1.951419e+01         8.533517e-03
         954         1.981764e+01         1.951451e+01         8.530498e-03
         955         1.944480e+01         1.951444e+01         8.521878e-03
         956         1.928055e+01         1.951419e+01         8.516475e-03
         957         1.944064e+01         1.951412e+01         8.507923e-03
         958         1.927675e+01         1.951387e+01         8.502649e-03
         959         1.927246e+01         1.951362e+01         8.497509e-03
         960         1.953097e+01         1.951364e+01         8.488676e-03
         961         1.942892e+01         1.951355e+01         8.480301e-03
         962         1.931685e+01         1.951334e+01         8.473950e-03
         963         1.990919e+01         1.951375e+01         8.475115e-03
         964         1.917350e+01         1.951340e+01         8.473670e-03
         965         1.949825e+01         1.951339e+01         8.464903e-03
         966         1.934317e+01         1.951321e+01         8.457974e-03
         967         1.959938e+01         1.951330e+01         8.449697e-03
         968         1.961866e+01         1.951341e+01         8.441669e-03
         969         1.893422e+01         1.951281e+01         8.454091e-03
         970         1.967818e+01         1.951298e+01         8.447095e-03
         971         1.950130e+01         1.951297e+01         8.438404e-03
         972         1.931639e+01         1.951277e+01         8.432146e-03
         973         1.908758e+01         1.951233e+01         8.434795e-03
         974         1.960701e+01         1.951243e+01         8.426695e-03
         975         2.007172e+01         1.951300e+01         8.437555e-03
         976         1.977372e+01         1.951327e+01         8.433138e-03
         977         1.933100e+01         1.951308e+01         8.426569e-03
         978         2.016811e+01         1.951375e+01         8.444529e-03
         979         1.965541e+01         1.951389e+01         8.437142e-03
         980         1.976417e+01         1.951415e+01         8.432397e-03
         981         1.976185e+01         1.951440e+01         8.427581e-03
         982         1.925387e+01         1.951414e+01         8.423174e-03
         983         1.941512e+01         1.951404e+01         8.415208e-03
         984         1.910008e+01         1.951362e+01         8.417164e-03
         985         1.908224e+01         1.951318e+01         8.420004e-03
         986         1.963402e+01         1.951330e+01         8.412357e-03
         987         1.889162e+01         1.951267e+01         8.427381e-03
         988         1.964604e+01         1.951281e+01         8.419933e-03
         989         1.994772e+01         1.951325e+01         8.422895e-03
         990         1.893122e+01         1.951266e+01         8.434879e-03
         991         1.940374e+01         1.951255e+01         8.427084e-03
         992         1.952417e+01         1.951256e+01         8.418597e-03
         993         1.925384e+01         1.951230e+01         8.414149e-03
         994         1.955355e+01         1.951234e+01         8.405787e-03
         995         1.909649e+01         1.951192e+01         8.407723e-03
         996         1.935424e+01         1.951176e+01         8.400771e-03
         997         1.955487e+01         1.951181e+01         8.392457e-03
         998         1.972743e+01         1.951202e+01         8.386828e-03
         999         1.941220e+01         1.951192e+01         8.379028e-03
        1000         1.936874e+01         1.951178e+01         8.371872e-03
